140 9730
1 2 235
1 3 85
1 4 97
1 5 37
1 6 279
1 7 218
1 8 242
1 9 255
1 10 71
1 11 257
1 12 191
1 13 156
1 14 183
1 15 54
1 16 166
1 17 294
1 18 127
1 19 59
1 20 160
1 21 240
1 22 52
1 23 254
1 24 219
1 25 59
1 26 81
1 27 43
1 28 115
1 29 270
1 30 207
1 31 75
1 32 217
1 33 98
1 34 262
1 35 187
1 36 165
1 37 52
1 38 228
1 39 14
1 40 115
1 41 131
1 42 207
1 43 213
1 44 79
1 45 142
1 46 233
1 47 83
1 48 273
1 49 222
1 50 68
1 51 100
1 52 209
1 53 241
1 54 259
1 55 279
1 56 212
1 57 27
1 58 285
1 59 240
1 60 79
1 61 68
1 62 229
1 63 60
1 64 11
1 65 101
1 66 231
1 67 230
1 68 19
1 69 157
1 70 73
1 71 49
1 72 212
1 73 98
1 74 215
1 75 195
1 76 28
1 77 190
1 78 83
1 79 135
1 80 159
1 81 96
1 82 64
1 83 156
1 84 117
1 85 263
1 86 25
1 87 179
1 88 104
1 89 96
1 90 151
1 91 284
1 92 197
1 93 173
1 94 128
1 95 278
1 96 256
1 97 195
1 98 220
1 99 167
1 100 49
1 101 245
1 102 258
1 103 204
1 104 223
1 105 45
1 106 79
1 107 226
1 108 111
1 109 85
1 110 82
1 111 112
1 112 191
1 113 261
1 114 154
1 115 86
1 116 269
1 117 157
1 118 175
1 119 254
1 120 32
1 121 139
1 122 245
1 123 178
1 124 76
1 125 56
1 126 172
1 127 161
1 128 35
1 129 77
1 130 71
1 131 14
1 132 142
1 133 98
1 134 135
1 135 258
1 136 239
1 137 17
1 138 67
1 139 232
1 140 231
2 3 259
2 4 79
2 5 250
2 6 56
2 7 252
2 8 198
2 9 34
2 10 284
2 11 215
2 12 107
2 13 84
2 14 293
2 15 133
2 16 152
2 17 55
2 18 271
2 19 271
2 20 80
2 21 133
2 22 81
2 23 261
2 24 138
2 25 51
2 26 157
2 27 69
2 28 58
2 29 229
2 30 199
2 31 33
2 32 32
2 33 272
2 34 265
2 35 183
2 36 151
2 37 78
2 38 35
2 39 36
2 40 202
2 41 19
2 42 269
2 43 122
2 44 134
2 45 23
2 46 178
2 47 51
2 48 47
2 49 168
2 50 155
2 51 255
2 52 125
2 53 64
2 54 219
2 55 51
2 56 203
2 57 88
2 58 182
2 59 203
2 60 36
2 61 136
2 62 14
2 63 87
2 64 184
2 65 87
2 66 256
2 67 105
2 68 245
2 69 212
2 70 20
2 71 117
2 72 155
2 73 22
2 74 127
2 75 98
2 76 139
2 77 51
2 78 175
2 79 272
2 80 210
2 81 38
2 82 99
2 83 24
2 84 167
2 85 37
2 86 257
2 87 97
2 88 190
2 89 94
2 90 88
2 91 121
2 92 99
2 93 230
2 94 32
2 95 176
2 96 263
2 97 165
2 98 256
2 99 149
2 100 277
2 101 273
2 102 72
2 103 157
2 104 223
2 105 173
2 106 30
2 107 173
2 108 267
2 109 260
2 110 182
2 111 226
2 112 182
2 113 107
2 114 16
2 115 267
2 116 84
2 117 287
2 118 35
2 119 89
2 120 204
2 121 226
2 122 181
2 123 138
2 124 145
2 125 192
2 126 235
2 127 12
2 128 112
2 129 88
2 130 254
2 131 239
2 132 231
2 133 228
2 134 145
2 135 100
2 136 72
2 137 167
2 138 256
2 139 182
2 140 234
3 4 121
3 5 250
3 6 256
3 7 244
3 8 50
3 9 92
3 10 143
3 11 244
3 12 117
3 13 268
3 14 85
3 15 129
3 16 299
3 17 236
3 18 56
3 19 13
3 20 299
3 21 287
3 22 80
3 23 14
3 24 22
3 25 54
3 26 87
3 27 191
3 28 209
3 29 78
3 30 201
3 31 230
3 32 37
3 33 109
3 34 269
3 35 203
3 36 95
3 37 137
3 38 86
3 39 111
3 40 207
3 41 76
3 42 150
3 43 217
3 44 50
3 45 20
3 46 233
3 47 198
3 48 26
3 49 142
3 50 99
3 51 66
3 52 109
3 53 192
3 54 229
3 55 132
3 56 245
3 57 154
3 58 22
3 59 10
3 60 39
3 61 225
3 62 10
3 63 292
3 64 283
3 65 164
3 66 238
3 67 220
3 68 174
3 69 157
3 70 30
3 71 69
3 72 193
3 73 279
3 74 48
3 75 241
3 76 92
3 77 228
3 78 75
3 79 125
3 80 63
3 81 89
3 82 109
3 83 43
3 84 167
3 85 196
3 86 127
3 87 135
3 88 299
3 89 25
3 90 44
3 91 239
3 92 67
3 93 59
3 94 263
3 95 240
3 96 219
3 97 50
3 98 206
3 99 182
3 100 214
3 101 100
3 102 270
3 103 287
3 104 74
3 105 26
3 106 127
3 107 99
3 108 112
3 109 169
3 110 154
3 111 157
3 112 121
3 113 112
3 114 11
3 115 105
3 116 131
3 117 272
3 118 106
3 119 235
3 120 53
3 121 254
3 122 141
3 123 61
3 124 174
3 125 68
3 126 144
3 127 70
3 128 89
3 129 126
3 130 18
3 131 74
3 132 125
3 133 276
3 134 186
3 135 173
3 136 161
3 137 262
3 138 233
3 139 291
3 140 182
4 5 17
4 6 91
4 7 39
4 8 281
4 9 172
4 10 205
4 11 149
4 12 172
4 13 213
4 14 96
4 15 228
4 16 218
4 17 265
4 18 10
4 19 281
4 20 99
4 21 149
4 22 71
4 23 102
4 24 248
4 25 23
4 26 65
4 27 14
4 28 91
4 29 237
4 30 281
4 31 296
4 32 141
4 33 11
4 34 137
4 35 284
4 36 127
4 37 194
4 38 151
4 39 22
4 40 110
4 41 44
4 42 266
4 43 214
4 44 74
4 45 168
4 46 178
4 47 144
4 48 104
4 49 97
4 50 176
4 51 93
4 52 38
4 53 30
4 54 13
4 55 164
4 56 113
4 57 287
4 58 240
4 59 47
4 60 58
4 61 12
4 62 18
4 63 55
4 64 262
4 65 120
4 66 29
4 67 116
4 68 155
4 69 224
4 70 22
4 71 283
4 72 233
4 73 17
4 74 148
4 75 287
4 76 147
4 77 71
4 78 292
4 79 206
4 80 294
4 81 187
4 82 128
4 83 83
4 84 178
4 85 130
4 86 223
4 87 197
4 88 34
4 89 23
4 90 198
4 91 146
4 92 218
4 93 135
4 94 217
4 95 82
4 96 278
4 97 36
4 98 187
4 99 216
4 100 64
4 101 206
4 102 78
4 103 261
4 104 214
4 105 287
4 106 47
4 107 196
4 108 161
4 109 149
4 110 280
4 111 56
4 112 138
4 113 157
4 114 177
4 115 118
4 116 279
4 117 129
4 118 59
4 119 21
4 120 77
4 121 150
4 122 65
4 123 230
4 124 33
4 125 159
4 126 52
4 127 272
4 128 217
4 129 44
4 130 275
4 131 147
4 132 170
4 133 89
4 134 165
4 135 102
4 136 62
4 137 68
4 138 241
4 139 18
4 140 36
5 6 96
5 7 142
5 8 141
5 9 98
5 10 227
5 11 73
5 12 263
5 13 263
5 14 74
5 15 223
5 16 222
5 17 252
5 18 172
5 19 272
5 20 271
5 21 284
5 22 153
5 23 44
5 24 144
5 25 134
5 26 108
5 27 297
5 28 58
5 29 234
5 30 77
5 31 91
5 32 255
5 33 70
5 34 253
5 35 137
5 36 228
5 37 238
5 38 189
5 39 71
5 40 115
5 41 205
5 42 160
5 43 293
5 44 160
5 45 128
5 46 280
5 47 135
5 48 135
5 49 232
5 50 187
5 51 30
5 52 273
5 53 214
5 54 73
5 55 59
5 56 284
5 57 286
5 58 170
5 59 229
5 60 61
5 61 167
5 62 195
5 63 208
5 64 94
5 65 55
5 66 238
5 67 176
5 68 41
5 69 241
5 70 37
5 71 130
5 72 158
5 73 249
5 74 129
5 75 235
5 76 53
5 77 32
5 78 234
5 79 99
5 80 108
5 81 147
5 82 78
5 83 111
5 84 237
5 85 51
5 86 142
5 87 241
5 88 191
5 89 194
5 90 245
5 91 136
5 92 210
5 93 271
5 94 35
5 95 277
5 96 185
5 97 126
5 98 70
5 99 92
5 100 195
5 101 190
5 102 42
5 103 28
5 104 27
5 105 272
5 106 154
5 107 159
5 108 98
5 109 259
5 110 257
5 111 44
5 112 293
5 113 116
5 114 115
5 115 127
5 116 253
5 117 158
5 118 120
5 119 264
5 120 75
5 121 134
5 122 22
5 123 57
5 124 171
5 125 198
5 126 79
5 127 298
5 128 253
5 129 28
5 130 246
5 131 66
5 132 216
5 133 51
5 134 285
5 135 141
5 136 289
5 137 96
5 138 157
5 139 100
5 140 191
6 7 41
6 8 26
6 9 231
6 10 73
6 11 198
6 12 218
6 13 154
6 14 46
6 15 290
6 16 239
6 17 26
6 18 68
6 19 243
6 20 259
6 21 79
6 22 63
6 23 219
6 24 38
6 25 95
6 26 269
6 27 72
6 28 158
6 29 91
6 30 258
6 31 42
6 32 42
6 33 123
6 34 28
6 35 190
6 36 156
6 37 107
6 38 115
6 39 227
6 40 26
6 41 111
6 42 134
6 43 74
6 44 213
6 45 217
6 46 91
6 47 79
6 48 165
6 49 218
6 50 150
6 51 151
6 52 169
6 53 185
6 54 185
6 55 87
6 56 24
6 57 158
6 58 76
6 59 100
6 60 243
6 61 277
6 62 230
6 63 196
6 64 18
6 65 154
6 66 297
6 67 157
6 68 87
6 69 78
6 70 174
6 71 144
6 72 269
6 73 192
6 74 258
6 75 273
6 76 143
6 77 183
6 78 264
6 79 115
6 80 65
6 81 284
6 82 138
6 83 154
6 84 14
6 85 48
6 86 205
6 87 222
6 88 171
6 89 115
6 90 230
6 91 12
6 92 106
6 93 40
6 94 137
6 95 180
6 96 196
6 97 139
6 98 299
6 99 131
6 100 117
6 101 255
6 102 90
6 103 178
6 104 266
6 105 281
6 106 142
6 107 289
6 108 144
6 109 185
6 110 260
6 111 246
6 112 160
6 113 77
6 114 142
6 115 278
6 116 224
6 117 197
6 118 45
6 119 162
6 120 238
6 121 119
6 122 228
6 123 135
6 124 242
6 125 202
6 126 140
6 127 282
6 128 46
6 129 51
6 130 44
6 131 62
6 132 213
6 133 220
6 134 141
6 135 60
6 136 231
6 137 84
6 138 112
6 139 276
6 140 72
7 8 17
7 9 111
7 10 229
7 11 163
7 12 103
7 13 48
7 14 154
7 15 62
7 16 24
7 17 119
7 18 190
7 19 47
7 20 154
7 21 150
7 22 105
7 23 161
7 24 172
7 25 255
7 26 206
7 27 70
7 28 136
7 29 249
7 30 261
7 31 223
7 32 224
7 33 267
7 34 80
7 35 253
7 36 192
7 37 139
7 38 108
7 39 63
7 40 67
7 41 200
7 42 285
7 43 46
7 44 253
7 45 28
7 46 202
7 47 105
7 48 133
7 49 18
7 50 146
7 51 41
7 52 24
7 53 178
7 54 62
7 55 135
7 56 165
7 57 61
7 58 112
7 59 99
7 60 263
7 61 205
7 62 233
7 63 156
7 64 97
7 65 181
7 66 139
7 67 240
7 68 241
7 69 157
7 70 151
7 71 69
7 72 247
7 73 272
7 74 40
7 75 54
7 76 157
7 77 210
7 78 67
7 79 229
7 80 171
7 81 68
7 82 256
7 83 95
7 84 16
7 85 37
7 86 229
7 87 37
7 88 246
7 89 139
7 90 240
7 91 280
7 92 75
7 93 199
7 94 193
7 95 22
7 96 134
7 97 260
7 98 29
7 99 221
7 100 113
7 101 92
7 102 285
7 103 42
7 104 57
7 105 111
7 106 203
7 107 214
7 108 158
7 109 98
7 110 265
7 111 256
7 112 83
7 113 52
7 114 247
7 115 69
7 116 196
7 117 287
7 118 127
7 119 269
7 120 171
7 121 54
7 122 234
7 123 282
7 124 126
7 125 249
7 126 35
7 127 128
7 128 170
7 129 139
7 130 239
7 131 245
7 132 236
7 133 30
7 134 160
7 135 33
7 136 278
7 137 107
7 138 196
7 139 154
7 140 150
8 9 132
8 10 168
8 11 149
8 12 53
8 13 280
8 14 198
8 15 252
8 16 272
8 17 72
8 18 59
8 19 294
8 20 205
8 21 159
8 22 210
8 23 64
8 24 40
8 25 76
8 26 267
8 27 180
8 28 62
8 29 244
8 30 289
8 31 188
8 32 277
8 33 226
8 34 251
8 35 61
8 36 132
8 37 166
8 38 169
8 39 19
8 40 238
8 41 218
8 42 129
8 43 45
8 44 251
8 45 106
8 46 183
8 47 175
8 48 99
8 49 202
8 50 82
8 51 191
8 52 245
8 53 82
8 54 230
8 55 99
8 56 199
8 57 124
8 58 233
8 59 54
8 60 183
8 61 54
8 62 137
8 63 202
8 64 185
8 65 200
8 66 69
8 67 154
8 68 12
8 69 266
8 70 31
8 71 163
8 72 20
8 73 217
8 74 258
8 75 87
8 76 53
8 77 44
8 78 35
8 79 92
8 80 142
8 81 265
8 82 255
8 83 63
8 84 101
8 85 26
8 86 15
8 87 183
8 88 20
8 89 252
8 90 50
8 91 45
8 92 110
8 93 58
8 94 182
8 95 257
8 96 103
8 97 46
8 98 71
8 99 44
8 100 127
8 101 157
8 102 235
8 103 31
8 104 90
8 105 228
8 106 295
8 107 191
8 108 162
8 109 62
8 110 30
8 111 145
8 112 159
8 113 73
8 114 178
8 115 36
8 116 276
8 117 69
8 118 286
8 119 110
8 120 244
8 121 14
8 122 37
8 123 78
8 124 28
8 125 198
8 126 162
8 127 89
8 128 69
8 129 137
8 130 42
8 131 32
8 132 281
8 133 196
8 134 226
8 135 161
8 136 177
8 137 232
8 138 217
8 139 230
8 140 128
9 10 283
9 11 245
9 12 223
9 13 19
9 14 253
9 15 76
9 16 124
9 17 225
9 18 162
9 19 115
9 20 185
9 21 38
9 22 292
9 23 171
9 24 232
9 25 229
9 26 260
9 27 173
9 28 51
9 29 12
9 30 260
9 31 226
9 32 227
9 33 190
9 34 232
9 35 295
9 36 219
9 37 159
9 38 36
9 39 234
9 40 198
9 41 56
9 42 15
9 43 285
9 44 53
9 45 135
9 46 285
9 47 120
9 48 265
9 49 289
9 50 130
9 51 283
9 52 115
9 53 170
9 54 149
9 55 242
9 56 133
9 57 223
9 58 188
9 59 85
9 60 255
9 61 134
9 62 209
9 63 117
9 64 53
9 65 10
9 66 118
9 67 176
9 68 130
9 69 115
9 70 181
9 71 161
9 72 76
9 73 167
9 74 55
9 75 294
9 76 10
9 77 38
9 78 165
9 79 292
9 80 22
9 81 221
9 82 252
9 83 243
9 84 240
9 85 278
9 86 163
9 87 28
9 88 71
9 89 93
9 90 201
9 91 298
9 92 65
9 93 115
9 94 111
9 95 177
9 96 127
9 97 243
9 98 125
9 99 262
9 100 225
9 101 105
9 102 139
9 103 281
9 104 48
9 105 222
9 106 202
9 107 252
9 108 29
9 109 118
9 110 179
9 111 230
9 112 279
9 113 116
9 114 119
9 115 274
9 116 50
9 117 72
9 118 282
9 119 68
9 120 224
9 121 226
9 122 101
9 123 225
9 124 214
9 125 169
9 126 223
9 127 64
9 128 128
9 129 285
9 130 260
9 131 72
9 132 194
9 133 90
9 134 131
9 135 273
9 136 206
9 137 288
9 138 248
9 139 206
9 140 28
10 11 266
10 12 180
10 13 91
10 14 143
10 15 166
10 16 22
10 17 127
10 18 206
10 19 218
10 20 68
10 21 141
10 22 293
10 23 90
10 24 178
10 25 263
10 26 24
10 27 205
10 28 114
10 29 172
10 30 62
10 31 235
10 32 216
10 33 166
10 34 33
10 35 19
10 36 18
10 37 143
10 38 42
10 39 267
10 40 149
10 41 236
10 42 130
10 43 156
10 44 20
10 45 283
10 46 89
10 47 133
10 48 224
10 49 17
10 50 271
10 51 104
10 52 12
10 53 167
10 54 206
10 55 72
10 56 93
10 57 269
10 58 29
10 59 171
10 60 275
10 61 148
10 62 187
10 63 280
10 64 43
10 65 165
10 66 252
10 67 36
10 68 216
10 69 15
10 70 159
10 71 216
10 72 236
10 73 32
10 74 184
10 75 135
10 76 197
10 77 207
10 78 21
10 79 96
10 80 89
10 81 83
10 82 227
10 83 185
10 84 24
10 85 87
10 86 85
10 87 11
10 88 198
10 89 55
10 90 286
10 91 54
10 92 75
10 93 27
10 94 147
10 95 84
10 96 235
10 97 95
10 98 242
10 99 189
10 100 13
10 101 26
10 102 54
10 103 155
10 104 152
10 105 213
10 106 89
10 107 20
10 108 124
10 109 290
10 110 44
10 111 176
10 112 71
10 113 114
10 114 234
10 115 244
10 116 254
10 117 221
10 118 106
10 119 287
10 120 74
10 121 49
10 122 268
10 123 191
10 124 93
10 125 266
10 126 128
10 127 278
10 128 128
10 129 209
10 130 196
10 131 49
10 132 184
10 133 125
10 134 150
10 135 80
10 136 291
10 137 133
10 138 280
10 139 151
10 140 220
11 12 74
11 13 188
11 14 204
11 15 40
11 16 61
11 17 202
11 18 148
11 19 31
11 20 93
11 21 235
11 22 23
11 23 283
11 24 58
11 25 240
11 26 129
11 27 251
11 28 104
11 29 21
11 30 243
11 31 280
11 32 72
11 33 147
11 34 148
11 35 127
11 36 102
11 37 193
11 38 201
11 39 78
11 40 180
11 41 172
11 42 10
11 43 39
11 44 16
11 45 70
11 46 237
11 47 94
11 48 155
11 49 43
11 50 201
11 51 119
11 52 188
11 53 279
11 54 206
11 55 117
11 56 142
11 57 190
11 58 180
11 59 260
11 60 152
11 61 37
11 62 145
11 63 281
11 64 222
11 65 272
11 66 113
11 67 135
11 68 49
11 69 100
11 70 145
11 71 53
11 72 264
11 73 266
11 74 112
11 75 94
11 76 64
11 77 19
11 78 235
11 79 266
11 80 91
11 81 46
11 82 130
11 83 163
11 84 239
11 85 47
11 86 271
11 87 150
11 88 121
11 89 94
11 90 65
11 91 209
11 92 194
11 93 197
11 94 52
11 95 168
11 96 99
11 97 177
11 98 140
11 99 285
11 100 34
11 101 45
11 102 156
11 103 89
11 104 243
11 105 259
11 106 98
11 107 21
11 108 62
11 109 184
11 110 130
11 111 74
11 112 29
11 113 178
11 114 155
11 115 162
11 116 244
11 117 33
11 118 38
11 119 58
11 120 15
11 121 288
11 122 192
11 123 61
11 124 50
11 125 262
11 126 55
11 127 115
11 128 192
11 129 193
11 130 34
11 131 232
11 132 101
11 133 140
11 134 155
11 135 118
11 136 175
11 137 68
11 138 38
11 139 29
11 140 11
12 13 59
12 14 265
12 15 17
12 16 27
12 17 26
12 18 89
12 19 299
12 20 212
12 21 57
12 22 133
12 23 166
12 24 138
12 25 68
12 26 143
12 27 292
12 28 96
12 29 75
12 30 216
12 31 172
12 32 267
12 33 175
12 34 103
12 35 269
12 36 144
12 37 236
12 38 226
12 39 28
12 40 276
12 41 155
12 42 235
12 43 73
12 44 130
12 45 11
12 46 265
12 47 133
12 48 74
12 49 196
12 50 79
12 51 170
12 52 142
12 53 15
12 54 45
12 55 208
12 56 230
12 57 114
12 58 134
12 59 234
12 60 190
12 61 219
12 62 36
12 63 260
12 64 105
12 65 233
12 66 165
12 67 141
12 68 136
12 69 76
12 70 61
12 71 255
12 72 147
12 73 130
12 74 295
12 75 70
12 76 125
12 77 169
12 78 236
12 79 11
12 80 41
12 81 82
12 82 255
12 83 224
12 84 58
12 85 83
12 86 202
12 87 257
12 88 215
12 89 270
12 90 258
12 91 166
12 92 244
12 93 173
12 94 67
12 95 134
12 96 162
12 97 176
12 98 193
12 99 84
12 100 94
12 101 51
12 102 298
12 103 109
12 104 133
12 105 42
12 106 35
12 107 26
12 108 152
12 109 71
12 110 150
12 111 218
12 112 181
12 113 12
12 114 194
12 115 225
12 116 106
12 117 15
12 118 183
12 119 281
12 120 279
12 121 259
12 122 238
12 123 97
12 124 38
12 125 39
12 126 278
12 127 273
12 128 87
12 129 170
12 130 139
12 131 174
12 132 53
12 133 50
12 134 171
12 135 25
12 136 223
12 137 13
12 138 127
12 139 167
12 140 27
13 14 28
13 15 80
13 16 137
13 17 33
13 18 203
13 19 293
13 20 287
13 21 82
13 22 158
13 23 159
13 24 90
13 25 286
13 26 22
13 27 72
13 28 200
13 29 170
13 30 219
13 31 267
13 32 161
13 33 53
13 34 280
13 35 113
13 36 169
13 37 220
13 38 238
13 39 210
13 40 88
13 41 175
13 42 242
13 43 198
13 44 224
13 45 181
13 46 50
13 47 223
13 48 125
13 49 10
13 50 115
13 51 59
13 52 187
13 53 114
13 54 49
13 55 73
13 56 46
13 57 239
13 58 88
13 59 79
13 60 96
13 61 92
13 62 148
13 63 149
13 64 140
13 65 154
13 66 210
13 67 141
13 68 265
13 69 84
13 70 99
13 71 213
13 72 48
13 73 287
13 74 188
13 75 115
13 76 197
13 77 131
13 78 135
13 79 210
13 80 222
13 81 275
13 82 70
13 83 142
13 84 12
13 85 91
13 86 140
13 87 113
13 88 264
13 89 65
13 90 128
13 91 142
13 92 286
13 93 228
13 94 148
13 95 215
13 96 42
13 97 157
13 98 249
13 99 140
13 100 278
13 101 230
13 102 115
13 103 28
13 104 169
13 105 265
13 106 278
13 107 75
13 108 272
13 109 104
13 110 281
13 111 299
13 112 269
13 113 291
13 114 258
13 115 216
13 116 253
13 117 183
13 118 143
13 119 147
13 120 205
13 121 164
13 122 268
13 123 151
13 124 182
13 125 22
13 126 289
13 127 156
13 128 253
13 129 171
13 130 27
13 131 75
13 132 46
13 133 265
13 134 277
13 135 111
13 136 258
13 137 227
13 138 215
13 139 256
13 140 113
14 15 186
14 16 33
14 17 286
14 18 199
14 19 52
14 20 138
14 21 180
14 22 95
14 23 177
14 24 102
14 25 38
14 26 61
14 27 250
14 28 179
14 29 137
14 30 145
14 31 117
14 32 172
14 33 260
14 34 121
14 35 160
14 36 227
14 37 170
14 38 84
14 39 72
14 40 296
14 41 148
14 42 21
14 43 270
14 44 141
14 45 110
14 46 278
14 47 34
14 48 81
14 49 68
14 50 101
14 51 102
14 52 168
14 53 163
14 54 67
14 55 154
14 56 254
14 57 244
14 58 171
14 59 85
14 60 185
14 61 118
14 62 136
14 63 67
14 64 231
14 65 89
14 66 64
14 67 228
14 68 30
14 69 288
14 70 123
14 71 116
14 72 103
14 73 100
14 74 213
14 75 129
14 76 19
14 77 164
14 78 46
14 79 26
14 80 117
14 81 273
14 82 168
14 83 71
14 84 256
14 85 171
14 86 161
14 87 87
14 88 29
14 89 111
14 90 169
14 91 270
14 92 167
14 93 224
14 94 41
14 95 248
14 96 147
14 97 112
14 98 258
14 99 212
14 100 185
14 101 145
14 102 151
14 103 259
14 104 36
14 105 33
14 106 40
14 107 67
14 108 96
14 109 284
14 110 258
14 111 85
14 112 49
14 113 99
14 114 186
14 115 29
14 116 48
14 117 273
14 118 213
14 119 244
14 120 281
14 121 129
14 122 198
14 123 256
14 124 152
14 125 28
14 126 59
14 127 253
14 128 106
14 129 62
14 130 127
14 131 134
14 132 115
14 133 70
14 134 178
14 135 242
14 136 117
14 137 113
14 138 264
14 139 298
14 140 50
15 16 65
15 17 299
15 18 152
15 19 249
15 20 10
15 21 81
15 22 95
15 23 185
15 24 121
15 25 88
15 26 152
15 27 180
15 28 254
15 29 144
15 30 260
15 31 291
15 32 117
15 33 214
15 34 43
15 35 52
15 36 68
15 37 146
15 38 226
15 39 171
15 40 55
15 41 169
15 42 36
15 43 176
15 44 28
15 45 172
15 46 270
15 47 279
15 48 20
15 49 293
15 50 95
15 51 236
15 52 95
15 53 224
15 54 273
15 55 88
15 56 132
15 57 68
15 58 204
15 59 166
15 60 34
15 61 289
15 62 121
15 63 265
15 64 203
15 65 200
15 66 102
15 67 71
15 68 211
15 69 224
15 70 131
15 71 156
15 72 253
15 73 26
15 74 250
15 75 87
15 76 73
15 77 277
15 78 100
15 79 133
15 80 111
15 81 129
15 82 125
15 83 17
15 84 151
15 85 53
15 86 103
15 87 166
15 88 90
15 89 123
15 90 287
15 91 284
15 92 157
15 93 63
15 94 294
15 95 229
15 96 34
15 97 135
15 98 38
15 99 58
15 100 24
15 101 229
15 102 104
15 103 185
15 104 14
15 105 81
15 106 259
15 107 87
15 108 295
15 109 266
15 110 161
15 111 13
15 112 165
15 113 276
15 114 209
15 115 128
15 116 164
15 117 147
15 118 170
15 119 233
15 120 239
15 121 221
15 122 27
15 123 43
15 124 249
15 125 128
15 126 116
15 127 204
15 128 24
15 129 212
15 130 244
15 131 159
15 132 290
15 133 112
15 134 71
15 135 14
15 136 103
15 137 299
15 138 269
15 139 43
15 140 66
16 17 83
16 18 70
16 19 36
16 20 235
16 21 45
16 22 210
16 23 40
16 24 164
16 25 290
16 26 25
16 27 197
16 28 81
16 29 160
16 30 176
16 31 184
16 32 79
16 33 266
16 34 74
16 35 83
16 36 40
16 37 48
16 38 203
16 39 218
16 40 179
16 41 34
16 42 37
16 43 98
16 44 185
16 45 67
16 46 126
16 47 178
16 48 234
16 49 70
16 50 23
16 51 30
16 52 211
16 53 290
16 54 217
16 55 114
16 56 106
16 57 44
16 58 74
16 59 147
16 60 149
16 61 117
16 62 253
16 63 291
16 64 161
16 65 238
16 66 258
16 67 168
16 68 158
16 69 117
16 70 213
16 71 148
16 72 41
16 73 161
16 74 261
16 75 69
16 76 118
16 77 98
16 78 46
16 79 103
16 80 261
16 81 224
16 82 75
16 83 82
16 84 277
16 85 154
16 86 132
16 87 119
16 88 116
16 89 64
16 90 38
16 91 147
16 92 135
16 93 240
16 94 231
16 95 181
16 96 43
16 97 236
16 98 57
16 99 241
16 100 74
16 101 241
16 102 126
16 103 221
16 104 135
16 105 139
16 106 28
16 107 264
16 108 220
16 109 210
16 110 156
16 111 187
16 112 17
16 113 286
16 114 37
16 115 69
16 116 71
16 117 68
16 118 12
16 119 30
16 120 80
16 121 21
16 122 293
16 123 49
16 124 265
16 125 146
16 126 296
16 127 202
16 128 40
16 129 43
16 130 120
16 131 226
16 132 37
16 133 22
16 134 194
16 135 131
16 136 215
16 137 78
16 138 78
16 139 170
16 140 130
17 18 84
17 19 81
17 20 144
17 21 184
17 22 98
17 23 101
17 24 159
17 25 220
17 26 148
17 27 295
17 28 276
17 29 217
17 30 177
17 31 184
17 32 269
17 33 92
17 34 91
17 35 130
17 36 39
17 37 226
17 38 52
17 39 33
17 40 217
17 41 203
17 42 240
17 43 274
17 44 262
17 45 214
17 46 28
17 47 37
17 48 209
17 49 188
17 50 217
17 51 220
17 52 237
17 53 168
17 54 153
17 55 257
17 56 30
17 57 250
17 58 72
17 59 194
17 60 100
17 61 22
17 62 182
17 63 196
17 64 206
17 65 158
17 66 118
17 67 108
17 68 298
17 69 140
17 70 276
17 71 282
17 72 112
17 73 274
17 74 295
17 75 46
17 76 112
17 77 218
17 78 289
17 79 35
17 80 125
17 81 257
17 82 218
17 83 259
17 84 95
17 85 180
17 86 209
17 87 30
17 88 197
17 89 115
17 90 136
17 91 20
17 92 120
17 93 150
17 94 136
17 95 257
17 96 102
17 97 44
17 98 243
17 99 293
17 100 247
17 101 244
17 102 289
17 103 168
17 104 10
17 105 189
17 106 226
17 107 131
17 108 179
17 109 98
17 110 121
17 111 143
17 112 87
17 113 60
17 114 250
17 115 257
17 116 156
17 117 90
17 118 195
17 119 282
17 120 183
17 121 298
17 122 114
17 123 182
17 124 231
17 125 41
17 126 43
17 127 200
17 128 138
17 129 282
17 130 96
17 131 160
17 132 157
17 133 58
17 134 231
17 135 31
17 136 49
17 137 62
17 138 279
17 139 38
17 140 172
18 19 283
18 20 262
18 21 142
18 22 167
18 23 199
18 24 245
18 25 130
18 26 179
18 27 235
18 28 274
18 29 295
18 30 254
18 31 115
18 32 142
18 33 221
18 34 282
18 35 152
18 36 202
18 37 10
18 38 158
18 39 88
18 40 197
18 41 149
18 42 137
18 43 112
18 44 156
18 45 42
18 46 21
18 47 286
18 48 280
18 49 171
18 50 27
18 51 12
18 52 95
18 53 113
18 54 248
18 55 16
18 56 74
18 57 161
18 58 262
18 59 267
18 60 270
18 61 133
18 62 73
18 63 224
18 64 138
18 65 109
18 66 228
18 67 115
18 68 230
18 69 127
18 70 189
18 71 184
18 72 102
18 73 274
18 74 204
18 75 100
18 76 124
18 77 93
18 78 15
18 79 248
18 80 194
18 81 175
18 82 137
18 83 219
18 84 289
18 85 84
18 86 281
18 87 130
18 88 155
18 89 155
18 90 95
18 91 294
18 92 99
18 93 257
18 94 187
18 95 157
18 96 94
18 97 134
18 98 156
18 99 290
18 100 156
18 101 227
18 102 128
18 103 212
18 104 10
18 105 107
18 106 84
18 107 126
18 108 91
18 109 80
18 110 158
18 111 299
18 112 273
18 113 123
18 114 75
18 115 145
18 116 53
18 117 297
18 118 57
18 119 259
18 120 13
18 121 164
18 122 57
18 123 39
18 124 138
18 125 209
18 126 61
18 127 295
18 128 26
18 129 12
18 130 297
18 131 118
18 132 134
18 133 226
18 134 208
18 135 96
18 136 217
18 137 162
18 138 81
18 139 30
18 140 174
19 20 86
19 21 10
19 22 223
19 23 189
19 24 296
19 25 233
19 26 133
19 27 289
19 28 179
19 29 57
19 30 77
19 31 104
19 32 113
19 33 140
19 34 140
19 35 188
19 36 168
19 37 61
19 38 126
19 39 228
19 40 105
19 41 273
19 42 128
19 43 78
19 44 269
19 45 268
19 46 46
19 47 244
19 48 11
19 49 280
19 50 53
19 51 92
19 52 281
19 53 280
19 54 83
19 55 204
19 56 14
19 57 199
19 58 240
19 59 17
19 60 177
19 61 213
19 62 223
19 63 24
19 64 73
19 65 160
19 66 185
19 67 194
19 68 32
19 69 115
19 70 187
19 71 64
19 72 89
19 73 30
19 74 110
19 75 198
19 76 34
19 77 40
19 78 98
19 79 25
19 80 166
19 81 43
19 82 232
19 83 252
19 84 290
19 85 282
19 86 195
19 87 128
19 88 277
19 89 269
19 90 15
19 91 183
19 92 164
19 93 196
19 94 145
19 95 85
19 96 64
19 97 16
19 98 253
19 99 118
19 100 86
19 101 202
19 102 65
19 103 85
19 104 255
19 105 285
19 106 221
19 107 186
19 108 260
19 109 184
19 110 84
19 111 23
19 112 19
19 113 202
19 114 226
19 115 265
19 116 23
19 117 282
19 118 246
19 119 184
19 120 28
19 121 173
19 122 283
19 123 84
19 124 67
19 125 73
19 126 37
19 127 19
19 128 68
19 129 231
19 130 57
19 131 295
19 132 213
19 133 172
19 134 52
19 135 129
19 136 87
19 137 169
19 138 101
19 139 235
19 140 259
20 21 283
20 22 20
20 23 117
20 24 277
20 25 125
20 26 162
20 27 121
20 28 15
20 29 227
20 30 283
20 31 47
20 32 203
20 33 40
20 34 284
20 35 119
20 36 141
20 37 272
20 38 254
20 39 282
20 40 278
20 41 66
20 42 61
20 43 91
20 44 92
20 45 26
20 46 61
20 47 284
20 48 150
20 49 241
20 50 293
20 51 279
20 52 143
20 53 292
20 54 276
20 55 45
20 56 157
20 57 28
20 58 27
20 59 165
20 60 61
20 61 245
20 62 228
20 63 254
20 64 222
20 65 214
20 66 183
20 67 30
20 68 168
20 69 249
20 70 36
20 71 42
20 72 50
20 73 110
20 74 220
20 75 70
20 76 111
20 77 23
20 78 67
20 79 130
20 80 31
20 81 35
20 82 200
20 83 255
20 84 100
20 85 73
20 86 165
20 87 52
20 88 17
20 89 86
20 90 206
20 91 157
20 92 192
20 93 198
20 94 125
20 95 202
20 96 215
20 97 235
20 98 292
20 99 209
20 100 139
20 101 260
20 102 23
20 103 82
20 104 114
20 105 24
20 106 148
20 107 64
20 108 239
20 109 121
20 110 99
20 111 179
20 112 140
20 113 267
20 114 101
20 115 273
20 116 211
20 117 11
20 118 151
20 119 289
20 120 205
20 121 37
20 122 247
20 123 100
20 124 103
20 125 189
20 126 98
20 127 103
20 128 284
20 129 56
20 130 223
20 131 295
20 132 230
20 133 141
20 134 253
20 135 284
20 136 110
20 137 275
20 138 288
20 139 221
20 140 67
21 22 63
21 23 188
21 24 218
21 25 151
21 26 299
21 27 22
21 28 147
21 29 215
21 30 58
21 31 159
21 32 114
21 33 165
21 34 176
21 35 31
21 36 85
21 37 180
21 38 57
21 39 10
21 40 22
21 41 64
21 42 15
21 43 150
21 44 122
21 45 120
21 46 74
21 47 22
21 48 134
21 49 178
21 50 219
21 51 234
21 52 192
21 53 41
21 54 293
21 55 186
21 56 19
21 57 179
21 58 172
21 59 142
21 60 213
21 61 139
21 62 56
21 63 224
21 64 33
21 65 173
21 66 56
21 67 206
21 68 254
21 69 278
21 70 205
21 71 192
21 72 35
21 73 288
21 74 45
21 75 159
21 76 142
21 77 88
21 78 245
21 79 186
21 80 50
21 81 67
21 82 174
21 83 83
21 84 56
21 85 157
21 86 77
21 87 86
21 88 23
21 89 167
21 90 116
21 91 114
21 92 90
21 93 181
21 94 65
21 95 27
21 96 192
21 97 84
21 98 247
21 99 68
21 100 44
21 101 226
21 102 41
21 103 35
21 104 256
21 105 33
21 106 19
21 107 86
21 108 197
21 109 69
21 110 19
21 111 88
21 112 205
21 113 117
21 114 183
21 115 244
21 116 214
21 117 288
21 118 232
21 119 278
21 120 274
21 121 136
21 122 182
21 123 18
21 124 284
21 125 93
21 126 97
21 127 161
21 128 52
21 129 63
21 130 88
21 131 282
21 132 58
21 133 214
21 134 194
21 135 67
21 136 167
21 137 122
21 138 168
21 139 171
21 140 285
22 23 147
22 24 116
22 25 85
22 26 95
22 27 16
22 28 94
22 29 283
22 30 247
22 31 191
22 32 68
22 33 254
22 34 229
22 35 296
22 36 243
22 37 202
22 38 199
22 39 29
22 40 199
22 41 52
22 42 197
22 43 203
22 44 84
22 45 202
22 46 23
22 47 205
22 48 100
22 49 240
22 50 68
22 51 284
22 52 66
22 53 281
22 54 194
22 55 141
22 56 122
22 57 35
22 58 195
22 59 113
22 60 114
22 61 15
22 62 26
22 63 31
22 64 296
22 65 172
22 66 227
22 67 266
22 68 62
22 69 49
22 70 130
22 71 127
22 72 234
22 73 29
22 74 160
22 75 83
22 76 144
22 77 153
22 78 143
22 79 75
22 80 35
22 81 268
22 82 37
22 83 126
22 84 94
22 85 65
22 86 43
22 87 57
22 88 22
22 89 64
22 90 283
22 91 42
22 92 243
22 93 30
22 94 189
22 95 199
22 96 123
22 97 50
22 98 233
22 99 51
22 100 75
22 101 267
22 102 110
22 103 167
22 104 253
22 105 163
22 106 218
22 107 169
22 108 62
22 109 40
22 110 49
22 111 11
22 112 197
22 113 55
22 114 86
22 115 76
22 116 97
22 117 278
22 118 201
22 119 51
22 120 54
22 121 200
22 122 159
22 123 13
22 124 132
22 125 277
22 126 230
22 127 25
22 128 46
22 129 107
22 130 160
22 131 194
22 132 117
22 133 106
22 134 75
22 135 76
22 136 219
22 137 26
22 138 35
22 139 73
22 140 285
23 24 111
23 25 94
23 26 89
23 27 72
23 28 139
23 29 21
23 30 29
23 31 244
23 32 175
23 33 188
23 34 87
23 35 218
23 36 49
23 37 268
23 38 272
23 39 274
23 40 83
23 41 52
23 42 244
23 43 105
23 44 295
23 45 122
23 46 163
23 47 121
23 48 292
23 49 255
23 50 225
23 51 218
23 52 298
23 53 183
23 54 130
23 55 85
23 56 109
23 57 188
23 58 274
23 59 270
23 60 143
23 61 26
23 62 21
23 63 161
23 64 138
23 65 112
23 66 234
23 67 58
23 68 201
23 69 283
23 70 151
23 71 188
23 72 128
23 73 133
23 74 222
23 75 50
23 76 229
23 77 90
23 78 54
23 79 193
23 80 192
23 81 147
23 82 74
23 83 70
23 84 152
23 85 229
23 86 132
23 87 253
23 88 63
23 89 155
23 90 52
23 91 247
23 92 260
23 93 186
23 94 191
23 95 20
23 96 35
23 97 39
23 98 235
23 99 108
23 100 85
23 101 69
23 102 219
23 103 146
23 104 209
23 105 216
23 106 85
23 107 247
23 108 20
23 109 62
23 110 119
23 111 223
23 112 265
23 113 232
23 114 281
23 115 210
23 116 130
23 117 130
23 118 54
23 119 169
23 120 286
23 121 209
23 122 21
23 123 143
23 124 137
23 125 66
23 126 277
23 127 229
23 128 223
23 129 274
23 130 291
23 131 82
23 132 282
23 133 252
23 134 20
23 135 176
23 136 281
23 137 236
23 138 217
23 139 228
23 140 190
24 25 62
24 26 20
24 27 249
24 28 172
24 29 199
24 30 202
24 31 219
24 32 10
24 33 158
24 34 124
24 35 256
24 36 89
24 37 290
24 38 77
24 39 260
24 40 174
24 41 88
24 42 287
24 43 158
24 44 56
24 45 138
24 46 291
24 47 31
24 48 100
24 49 158
24 50 12
24 51 15
24 52 150
24 53 271
24 54 18
24 55 153
24 56 168
24 57 156
24 58 187
24 59 238
24 60 218
24 61 83
24 62 84
24 63 234
24 64 252
24 65 143
24 66 62
24 67 272
24 68 264
24 69 52
24 70 294
24 71 269
24 72 266
24 73 96
24 74 256
24 75 217
24 76 157
24 77 41
24 78 168
24 79 277
24 80 53
24 81 278
24 82 278
24 83 229
24 84 153
24 85 208
24 86 12
24 87 229
24 88 272
24 89 67
24 90 227
24 91 122
24 92 286
24 93 49
24 94 20
24 95 33
24 96 283
24 97 216
24 98 229
24 99 299
24 100 260
24 101 247
24 102 294
24 103 159
24 104 236
24 105 170
24 106 289
24 107 47
24 108 36
24 109 269
24 110 42
24 111 69
24 112 42
24 113 53
24 114 128
24 115 205
24 116 229
24 117 217
24 118 245
24 119 161
24 120 146
24 121 90
24 122 241
24 123 15
24 124 155
24 125 43
24 126 217
24 127 173
24 128 241
24 129 289
24 130 55
24 131 146
24 132 148
24 133 30
24 134 275
24 135 77
24 136 222
24 137 256
24 138 29
24 139 297
24 140 101
25 26 142
25 27 246
25 28 142
25 29 197
25 30 120
25 31 283
25 32 24
25 33 149
25 34 274
25 35 86
25 36 279
25 37 130
25 38 187
25 39 113
25 40 12
25 41 101
25 42 158
25 43 262
25 44 191
25 45 24
25 46 104
25 47 87
25 48 180
25 49 184
25 50 83
25 51 153
25 52 253
25 53 182
25 54 183
25 55 99
25 56 98
25 57 45
25 58 152
25 59 129
25 60 248
25 61 156
25 62 234
25 63 135
25 64 103
25 65 216
25 66 84
25 67 145
25 68 107
25 69 105
25 70 17
25 71 264
25 72 256
25 73 138
25 74 166
25 75 299
25 76 117
25 77 200
25 78 206
25 79 117
25 80 79
25 81 27
25 82 219
25 83 297
25 84 41
25 85 114
25 86 188
25 87 204
25 88 249
25 89 242
25 90 124
25 91 211
25 92 53
25 93 116
25 94 26
25 95 121
25 96 22
25 97 190
25 98 104
25 99 51
25 100 89
25 101 178
25 102 36
25 103 210
25 104 248
25 105 164
25 106 126
25 107 155
25 108 32
25 109 59
25 110 145
25 111 179
25 112 235
25 113 17
25 114 171
25 115 201
25 116 141
25 117 176
25 118 297
25 119 11
25 120 105
25 121 277
25 122 263
25 123 127
25 124 145
25 125 243
25 126 74
25 127 50
25 128 116
25 129 18
25 130 44
25 131 151
25 132 118
25 133 285
25 134 180
25 135 150
25 136 297
25 137 114
25 138 215
25 139 254
25 140 291
26 27 239
26 28 121
26 29 34
26 30 174
26 31 109
26 32 97
26 33 56
26 34 147
26 35 60
26 36 75
26 37 159
26 38 13
26 39 249
26 40 243
26 41 285
26 42 87
26 43 240
26 44 119
26 45 217
26 46 297
26 47 201
26 48 170
26 49 114
26 50 152
26 51 210
26 52 71
26 53 160
26 54 213
26 55 79
26 56 82
26 57 63
26 58 192
26 59 172
26 60 130
26 61 78
26 62 66
26 63 96
26 64 257
26 65 270
26 66 151
26 67 169
26 68 260
26 69 137
26 70 17
26 71 10
26 72 120
26 73 30
26 74 176
26 75 213
26 76 141
26 77 27
26 78 22
26 79 44
26 80 238
26 81 189
26 82 195
26 83 221
26 84 68
26 85 239
26 86 28
26 87 151
26 88 93
26 89 19
26 90 298
26 91 74
26 92 220
26 93 127
26 94 164
26 95 51
26 96 224
26 97 161
26 98 67
26 99 249
26 100 192
26 101 286
26 102 49
26 103 49
26 104 97
26 105 277
26 106 232
26 107 291
26 108 248
26 109 10
26 110 282
26 111 242
26 112 231
26 113 195
26 114 68
26 115 221
26 116 85
26 117 15
26 118 76
26 119 290
26 120 237
26 121 37
26 122 93
26 123 32
26 124 274
26 125 100
26 126 48
26 127 78
26 128 278
26 129 141
26 130 19
26 131 164
26 132 126
26 133 78
26 134 216
26 135 89
26 136 260
26 137 104
26 138 276
26 139 135
26 140 195
27 28 242
27 29 158
27 30 70
27 31 39
27 32 161
27 33 42
27 34 268
27 35 63
27 36 97
27 37 256
27 38 62
27 39 208
27 40 149
27 41 214
27 42 175
27 43 233
27 44 238
27 45 29
27 46 62
27 47 24
27 48 225
27 49 176
27 50 140
27 51 50
27 52 67
27 53 296
27 54 180
27 55 136
27 56 118
27 57 135
27 58 275
27 59 179
27 60 12
27 61 170
27 62 57
27 63 126
27 64 186
27 65 97
27 66 88
27 67 81
27 68 94
27 69 228
27 70 121
27 71 131
27 72 57
27 73 109
27 74 108
27 75 295
27 76 19
27 77 105
27 78 292
27 79 223
27 80 25
27 81 97
27 82 164
27 83 73
27 84 209
27 85 15
27 86 61
27 87 28
27 88 25
27 89 250
27 90 73
27 91 36
27 92 18
27 93 69
27 94 202
27 95 111
27 96 23
27 97 284
27 98 295
27 99 257
27 100 194
27 101 296
27 102 54
27 103 70
27 104 44
27 105 129
27 106 110
27 107 187
27 108 126
27 109 105
27 110 12
27 111 36
27 112 157
27 113 35
27 114 247
27 115 199
27 116 60
27 117 64
27 118 96
27 119 64
27 120 157
27 121 57
27 122 270
27 123 166
27 124 120
27 125 295
27 126 226
27 127 138
27 128 46
27 129 39
27 130 269
27 131 78
27 132 285
27 133 192
27 134 261
27 135 12
27 136 60
27 137 256
27 138 237
27 139 10
27 140 43
28 29 18
28 30 83
28 31 115
28 32 129
28 33 36
28 34 144
28 35 114
28 36 122
28 37 137
28 38 99
28 39 83
28 40 271
28 41 168
28 42 63
28 43 91
28 44 55
28 45 90
28 46 134
28 47 31
28 48 124
28 49 19
28 50 153
28 51 25
28 52 150
28 53 58
28 54 93
28 55 44
28 56 109
28 57 231
28 58 19
28 59 107
28 60 167
28 61 299
28 62 103
28 63 170
28 64 186
28 65 19
28 66 296
28 67 109
28 68 26
28 69 158
28 70 162
28 71 119
28 72 240
28 73 174
28 74 218
28 75 77
28 76 119
28 77 119
28 78 236
28 79 90
28 80 159
28 81 137
28 82 100
28 83 185
28 84 79
28 85 259
28 86 80
28 87 44
28 88 50
28 89 29
28 90 75
28 91 59
28 92 227
28 93 105
28 94 103
28 95 111
28 96 56
28 97 248
28 98 89
28 99 62
28 100 129
28 101 250
28 102 75
28 103 151
28 104 70
28 105 42
28 106 110
28 107 19
28 108 273
28 109 230
28 110 77
28 111 133
28 112 28
28 113 217
28 114 106
28 115 116
28 116 38
28 117 263
28 118 36
28 119 121
28 120 260
28 121 38
28 122 173
28 123 25
28 124 258
28 125 206
28 126 10
28 127 101
28 128 245
28 129 295
28 130 18
28 131 215
28 132 112
28 133 81
28 134 108
28 135 165
28 136 54
28 137 135
28 138 213
28 139 168
28 140 282
29 30 239
29 31 186
29 32 53
29 33 176
29 34 43
29 35 141
29 36 191
29 37 137
29 38 278
29 39 10
29 40 64
29 41 198
29 42 130
29 43 125
29 44 252
29 45 91
29 46 131
29 47 294
29 48 101
29 49 175
29 50 144
29 51 227
29 52 291
29 53 126
29 54 61
29 55 43
29 56 296
29 57 293
29 58 91
29 59 80
29 60 203
29 61 184
29 62 61
29 63 271
29 64 285
29 65 208
29 66 156
29 67 227
29 68 115
29 69 150
29 70 176
29 71 142
29 72 84
29 73 245
29 74 198
29 75 283
29 76 76
29 77 201
29 78 71
29 79 79
29 80 141
29 81 286
29 82 262
29 83 265
29 84 283
29 85 249
29 86 71
29 87 25
29 88 173
29 89 288
29 90 248
29 91 80
29 92 47
29 93 58
29 94 66
29 95 117
29 96 277
29 97 123
29 98 115
29 99 177
29 100 178
29 101 37
29 102 230
29 103 143
29 104 36
29 105 298
29 106 236
29 107 176
29 108 70
29 109 31
29 110 39
29 111 182
29 112 164
29 113 189
29 114 25
29 115 258
29 116 152
29 117 289
29 118 225
29 119 292
29 120 281
29 121 148
29 122 214
29 123 22
29 124 94
29 125 73
29 126 110
29 127 60
29 128 75
29 129 283
29 130 199
29 131 235
29 132 19
29 133 14
29 134 282
29 135 169
29 136 40
29 137 80
29 138 153
29 139 83
29 140 244
30 31 241
30 32 32
30 33 172
30 34 50
30 35 26
30 36 76
30 37 50
30 38 159
30 39 142
30 40 284
30 41 231
30 42 122
30 43 79
30 44 163
30 45 239
30 46 108
30 47 132
30 48 21
30 49 236
30 50 232
30 51 101
30 52 159
30 53 138
30 54 112
30 55 226
30 56 196
30 57 84
30 58 171
30 59 229
30 60 131
30 61 215
30 62 151
30 63 150
30 64 140
30 65 18
30 66 206
30 67 78
30 68 119
30 69 100
30 70 112
30 71 270
30 72 169
30 73 260
30 74 75
30 75 154
30 76 289
30 77 50
30 78 125
30 79 229
30 80 18
30 81 78
30 82 182
30 83 252
30 84 198
30 85 85
30 86 112
30 87 198
30 88 200
30 89 142
30 90 25
30 91 212
30 92 69
30 93 282
30 94 99
30 95 20
30 96 127
30 97 248
30 98 10
30 99 91
30 100 102
30 101 39
30 102 86
30 103 253
30 104 120
30 105 157
30 106 79
30 107 47
30 108 279
30 109 49
30 110 224
30 111 291
30 112 280
30 113 235
30 114 228
30 115 226
30 116 245
30 117 44
30 118 181
30 119 218
30 120 299
30 121 54
30 122 198
30 123 123
30 124 171
30 125 111
30 126 173
30 127 216
30 128 204
30 129 191
30 130 182
30 131 164
30 132 278
30 133 27
30 134 272
30 135 182
30 136 53
30 137 61
30 138 71
30 139 139
30 140 119
31 32 52
31 33 192
31 34 63
31 35 55
31 36 205
31 37 59
31 38 22
31 39 288
31 40 95
31 41 172
31 42 202
31 43 60
31 44 231
31 45 25
31 46 249
31 47 200
31 48 241
31 49 51
31 50 141
31 51 290
31 52 284
31 53 248
31 54 33
31 55 50
31 56 224
31 57 269
31 58 41
31 59 28
31 60 13
31 61 146
31 62 145
31 63 192
31 64 128
31 65 257
31 66 138
31 67 240
31 68 134
31 69 87
31 70 285
31 71 115
31 72 222
31 73 278
31 74 77
31 75 244
31 76 99
31 77 159
31 78 105
31 79 62
31 80 110
31 81 47
31 82 176
31 83 214
31 84 287
31 85 208
31 86 267
31 87 273
31 88 214
31 89 192
31 90 44
31 91 260
31 92 283
31 93 69
31 94 42
31 95 214
31 96 82
31 97 238
31 98 15
31 99 254
31 100 118
31 101 50
31 102 176
31 103 242
31 104 226
31 105 61
31 106 63
31 107 69
31 108 167
31 109 70
31 110 182
31 111 71
31 112 212
31 113 57
31 114 222
31 115 11
31 116 270
31 117 29
31 118 287
31 119 74
31 120 48
31 121 90
31 122 51
31 123 80
31 124 173
31 125 122
31 126 242
31 127 274
31 128 286
31 129 168
31 130 68
31 131 241
31 132 105
31 133 245
31 134 134
31 135 133
31 136 229
31 137 130
31 138 103
31 139 99
31 140 204
32 33 299
32 34 60
32 35 192
32 36 56
32 37 140
32 38 20
32 39 188
32 40 180
32 41 149
32 42 204
32 43 240
32 44 203
32 45 83
32 46 10
32 47 184
32 48 160
32 49 104
32 50 72
32 51 31
32 52 169
32 53 209
32 54 61
32 55 283
32 56 241
32 57 273
32 58 287
32 59 11
32 60 291
32 61 97
32 62 39
32 63 253
32 64 37
32 65 23
32 66 78
32 67 40
32 68 132
32 69 41
32 70 232
32 71 79
32 72 184
32 73 37
32 74 295
32 75 256
32 76 78
32 77 269
32 78 49
32 79 39
32 80 256
32 81 87
32 82 38
32 83 61
32 84 229
32 85 91
32 86 12
32 87 280
32 88 217
32 89 96
32 90 52
32 91 287
32 92 35
32 93 295
32 94 235
32 95 292
32 96 34
32 97 45
32 98 124
32 99 287
32 100 103
32 101 247
32 102 274
32 103 56
32 104 256
32 105 287
32 106 262
32 107 137
32 108 59
32 109 145
32 110 126
32 111 12
32 112 256
32 113 246
32 114 238
32 115 107
32 116 106
32 117 251
32 118 102
32 119 275
32 120 272
32 121 65
32 122 32
32 123 48
32 124 116
32 125 242
32 126 295
32 127 24
32 128 52
32 129 17
32 130 270
32 131 97
32 132 190
32 133 133
32 134 246
32 135 256
32 136 54
32 137 92
32 138 274
32 139 218
32 140 193
33 34 178
33 35 39
33 36 296
33 37 282
33 38 32
33 39 96
33 40 83
33 41 102
33 42 136
33 43 200
33 44 276
33 45 177
33 46 195
33 47 87
33 48 225
33 49 248
33 50 296
33 51 209
33 52 51
33 53 54
33 54 225
33 55 203
33 56 44
33 57 286
33 58 51
33 59 255
33 60 89
33 61 134
33 62 225
33 63 76
33 64 91
33 65 210
33 66 193
33 67 272
33 68 167
33 69 182
33 70 68
33 71 286
33 72 30
33 73 81
33 74 67
33 75 163
33 76 45
33 77 268
33 78 278
33 79 231
33 80 225
33 81 156
33 82 80
33 83 78
33 84 47
33 85 241
33 86 74
33 87 128
33 88 262
33 89 203
33 90 196
33 91 260
33 92 268
33 93 132
33 94 292
33 95 243
33 96 197
33 97 106
33 98 198
33 99 216
33 100 139
33 101 244
33 102 149
33 103 190
33 104 115
33 105 67
33 106 232
33 107 157
33 108 280
33 109 60
33 110 157
33 111 279
33 112 193
33 113 282
33 114 208
33 115 137
33 116 194
33 117 205
33 118 266
33 119 20
33 120 264
33 121 170
33 122 114
33 123 47
33 124 211
33 125 98
33 126 227
33 127 219
33 128 135
33 129 67
33 130 161
33 131 269
33 132 22
33 133 112
33 134 264
33 135 111
33 136 182
33 137 295
33 138 119
33 139 66
33 140 13
34 35 153
34 36 169
34 37 234
34 38 118
34 39 86
34 40 253
34 41 199
34 42 127
34 43 142
34 44 64
34 45 46
34 46 81
34 47 286
34 48 128
34 49 80
34 50 181
34 51 287
34 52 161
34 53 35
34 54 134
34 55 217
34 56 42
34 57 255
34 58 40
34 59 67
34 60 131
34 61 204
34 62 181
34 63 133
34 64 114
34 65 225
34 66 293
34 67 89
34 68 65
34 69 189
34 70 20
34 71 85
34 72 241
34 73 230
34 74 51
34 75 268
34 76 225
34 77 180
34 78 86
34 79 100
34 80 98
34 81 35
34 82 76
34 83 200
34 84 11
34 85 188
34 86 72
34 87 151
34 88 67
34 89 92
34 90 106
34 91 273
34 92 242
34 93 259
34 94 217
34 95 79
34 96 136
34 97 204
34 98 24
34 99 105
34 100 129
34 101 268
34 102 276
34 103 285
34 104 245
34 105 133
34 106 285
34 107 281
34 108 30
34 109 256
34 110 212
34 111 121
34 112 197
34 113 49
34 114 207
34 115 235
34 116 169
34 117 41
34 118 215
34 119 159
34 120 124
34 121 297
34 122 116
34 123 117
34 124 31
34 125 78
34 126 58
34 127 59
34 128 29
34 129 261
34 130 264
34 131 25
34 132 206
34 133 164
34 134 221
34 135 270
34 136 284
34 137 97
34 138 104
34 139 153
34 140 85
35 36 71
35 37 90
35 38 240
35 39 61
35 40 216
35 41 170
35 42 30
35 43 262
35 44 27
35 45 56
35 46 94
35 47 199
35 48 181
35 49 163
35 50 219
35 51 48
35 52 21
35 53 114
35 54 136
35 55 298
35 56 58
35 57 282
35 58 107
35 59 276
35 60 227
35 61 19
35 62 14
35 63 263
35 64 222
35 65 38
35 66 74
35 67 44
35 68 47
35 69 271
35 70 45
35 71 223
35 72 38
35 73 32
35 74 160
35 75 172
35 76 170
35 77 230
35 78 217
35 79 164
35 80 229
35 81 146
35 82 203
35 83 204
35 84 150
35 85 266
35 86 77
35 87 15
35 88 147
35 89 82
35 90 296
35 91 245
35 92 242
35 93 69
35 94 234
35 95 50
35 96 114
35 97 146
35 98 202
35 99 91
35 100 228
35 101 282
35 102 208
35 103 132
35 104 122
35 105 223
35 106 271
35 107 234
35 108 103
35 109 292
35 110 261
35 111 111
35 112 114
35 113 104
35 114 76
35 115 239
35 116 187
35 117 184
35 118 198
35 119 233
35 120 269
35 121 56
35 122 262
35 123 167
35 124 163
35 125 167
35 126 273
35 127 71
35 128 143
35 129 222
35 130 192
35 131 58
35 132 247
35 133 298
35 134 245
35 135 120
35 136 182
35 137 157
35 138 48
35 139 27
35 140 239
36 37 242
36 38 232
36 39 173
36 40 164
36 41 144
36 42 126
36 43 258
36 44 43
36 45 73
36 46 176
36 47 111
36 48 273
36 49 202
36 50 13
36 51 189
36 52 11
36 53 47
36 54 168
36 55 11
36 56 211
36 57 292
36 58 267
36 59 283
36 60 10
36 61 21
36 62 185
36 63 160
36 64 167
36 65 89
36 66 31
36 67 273
36 68 129
36 69 163
36 70 126
36 71 264
36 72 198
36 73 76
36 74 78
36 75 132
36 76 183
36 77 56
36 78 63
36 79 216
36 80 145
36 81 112
36 82 294
36 83 250
36 84 169
36 85 215
36 86 55
36 87 152
36 88 150
36 89 227
36 90 289
36 91 174
36 92 173
36 93 256
36 94 22
36 95 177
36 96 178
36 97 55
36 98 214
36 99 243
36 100 76
36 101 17
36 102 237
36 103 98
36 104 64
36 105 30
36 106 155
36 107 198
36 108 222
36 109 99
36 110 160
36 111 195
36 112 124
36 113 216
36 114 191
36 115 258
36 116 167
36 117 78
36 118 196
36 119 197
36 120 225
36 121 240
36 122 123
36 123 49
36 124 153
36 125 128
36 126 143
36 127 66
36 128 183
36 129 200
36 130 104
36 131 116
36 132 65
36 133 230
36 134 179
36 135 272
36 136 214
36 137 196
36 138 186
36 139 242
36 140 123
37 38 118
37 39 19
37 40 193
37 41 167
37 42 15
37 43 137
37 44 139
37 45 101
37 46 58
37 47 14
37 48 155
37 49 79
37 50 43
37 51 268
37 52 39
37 53 76
37 54 121
37 55 32
37 56 78
37 57 209
37 58 141
37 59 240
37 60 10
37 61 274
37 62 187
37 63 133
37 64 241
37 65 113
37 66 161
37 67 122
37 68 268
37 69 81
37 70 239
37 71 56
37 72 15
37 73 138
37 74 250
37 75 71
37 76 189
37 77 221
37 78 275
37 79 145
37 80 266
37 81 294
37 82 96
37 83 85
37 84 87
37 85 171
37 86 184
37 87 42
37 88 227
37 89 232
37 90 167
37 91 41
37 92 281
37 93 107
37 94 268
37 95 84
37 96 280
37 97 211
37 98 97
37 99 223
37 100 276
37 101 298
37 102 161
37 103 15
37 104 298
37 105 82
37 106 211
37 107 83
37 108 261
37 109 79
37 110 67
37 111 225
37 112 138
37 113 236
37 114 299
37 115 159
37 116 98
37 117 108
37 118 114
37 119 138
37 120 260
37 121 47
37 122 132
37 123 161
37 124 224
37 125 295
37 126 209
37 127 246
37 128 244
37 129 286
37 130 211
37 131 200
37 132 162
37 133 264
37 134 288
37 135 44
37 136 291
37 137 134
37 138 89
37 139 274
37 140 165
38 39 64
38 40 221
38 41 195
38 42 130
38 43 97
38 44 72
38 45 47
38 46 195
38 47 88
38 48 170
38 49 128
38 50 152
38 51 181
38 52 82
38 53 171
38 54 148
38 55 244
38 56 129
38 57 213
38 58 240
38 59 130
38 60 245
38 61 260
38 62 113
38 63 254
38 64 145
38 65 153
38 66 210
38 67 18
38 68 233
38 69 231
38 70 87
38 71 273
38 72 150
38 73 54
38 74 50
38 75 284
38 76 23
38 77 123
38 78 150
38 79 218
38 80 192
38 81 207
38 82 167
38 83 106
38 84 34
38 85 157
38 86 130
38 87 236
38 88 23
38 89 151
38 90 202
38 91 266
38 92 175
38 93 114
38 94 274
38 95 134
38 96 117
38 97 207
38 98 154
38 99 243
38 100 256
38 101 85
38 102 98
38 103 142
38 104 228
38 105 72
38 106 209
38 107 152
38 108 252
38 109 276
38 110 206
38 111 222
38 112 267
38 113 111
38 114 109
38 115 132
38 116 139
38 117 34
38 118 123
38 119 96
38 120 104
38 121 202
38 122 270
38 123 282
38 124 33
38 125 286
38 126 160
38 127 154
38 128 70
38 129 253
38 130 154
38 131 99
38 132 81
38 133 222
38 134 139
38 135 80
38 136 19
38 137 267
38 138 215
38 139 141
38 140 298
39 40 11
39 41 124
39 42 77
39 43 281
39 44 299
39 45 263
39 46 129
39 47 96
39 48 258
39 49 231
39 50 100
39 51 275
39 52 185
39 53 196
39 54 215
39 55 104
39 56 138
39 57 132
39 58 77
39 59 148
39 60 266
39 61 55
39 62 280
39 63 277
39 64 161
39 65 259
39 66 21
39 67 193
39 68 123
39 69 118
39 70 27
39 71 48
39 72 187
39 73 257
39 74 184
39 75 136
39 76 263
39 77 217
39 78 194
39 79 44
39 80 67
39 81 111
39 82 165
39 83 284
39 84 224
39 85 196
39 86 131
39 87 22
39 88 274
39 89 117
39 90 31
39 91 144
39 92 36
39 93 242
39 94 261
39 95 197
39 96 128
39 97 32
39 98 12
39 99 262
39 100 107
39 101 116
39 102 215
39 103 60
39 104 70
39 105 99
39 106 224
39 107 29
39 108 97
39 109 221
39 110 55
39 111 181
39 112 204
39 113 179
39 114 275
39 115 58
39 116 71
39 117 284
39 118 193
39 119 136
39 120 199
39 121 24
39 122 268
39 123 233
39 124 83
39 125 139
39 126 64
39 127 142
39 128 118
39 129 202
39 130 212
39 131 150
39 132 182
39 133 10
39 134 169
39 135 88
39 136 102
39 137 253
39 138 291
39 139 233
39 140 68
40 41 66
40 42 145
40 43 211
40 44 70
40 45 280
40 46 295
40 47 281
40 48 132
40 49 254
40 50 45
40 51 201
40 52 247
40 53 262
40 54 269
40 55 85
40 56 294
40 57 73
40 58 226
40 59 211
40 60 140
40 61 237
40 62 154
40 63 144
40 64 53
40 65 177
40 66 163
40 67 129
40 68 266
40 69 171
40 70 26
40 71 274
40 72 34
40 73 56
40 74 26
40 75 122
40 76 248
40 77 74
40 78 164
40 79 234
40 80 296
40 81 78
40 82 230
40 83 112
40 84 51
40 85 299
40 86 75
40 87 236
40 88 188
40 89 248
40 90 52
40 91 150
40 92 114
40 93 282
40 94 16
40 95 12
40 96 208
40 97 149
40 98 35
40 99 276
40 100 27
40 101 280
40 102 160
40 103 276
40 104 221
40 105 51
40 106 68
40 107 164
40 108 71
40 109 286
40 110 97
40 111 22
40 112 283
40 113 169
40 114 282
40 115 36
40 116 11
40 117 242
40 118 269
40 119 105
40 120 108
40 121 284
40 122 102
40 123 37
40 124 148
40 125 137
40 126 84
40 127 201
40 128 218
40 129 19
40 130 106
40 131 284
40 132 16
40 133 117
40 134 131
40 135 244
40 136 289
40 137 102
40 138 202
40 139 65
40 140 196
41 42 260
41 43 121
41 44 207
41 45 189
41 46 208
41 47 237
41 48 106
41 49 111
41 50 217
41 51 243
41 52 124
41 53 102
41 54 203
41 55 77
41 56 51
41 57 249
41 58 175
41 59 56
41 60 187
41 61 239
41 62 235
41 63 248
41 64 73
41 65 90
41 66 264
41 67 197
41 68 166
41 69 251
41 70 115
41 71 74
41 72 115
41 73 143
41 74 111
41 75 237
41 76 157
41 77 284
41 78 110
41 79 69
41 80 68
41 81 247
41 82 271
41 83 104
41 84 89
41 85 198
41 86 73
41 87 149
41 88 175
41 89 145
41 90 207
41 91 185
41 92 249
41 93 82
41 94 39
41 95 37
41 96 54
41 97 161
41 98 279
41 99 210
41 100 203
41 101 251
41 102 268
41 103 193
41 104 59
41 105 40
41 106 219
41 107 276
41 108 127
41 109 21
41 110 270
41 111 290
41 112 180
41 113 280
41 114 65
41 115 281
41 116 50
41 117 104
41 118 152
41 119 148
41 120 188
41 121 178
41 122 71
41 123 150
41 124 214
41 125 247
41 126 195
41 127 181
41 128 186
41 129 209
41 130 184
41 131 145
41 132 237
41 133 228
41 134 230
41 135 244
41 136 22
41 137 289
41 138 27
41 139 253
41 140 153
42 43 152
42 44 251
42 45 78
42 46 282
42 47 47
42 48 76
42 49 177
42 50 87
42 51 109
42 52 113
42 53 219
42 54 63
42 55 60
42 56 103
42 57 31
42 58 233
42 59 97
42 60 248
42 61 141
42 62 180
42 63 165
42 64 186
42 65 281
42 66 153
42 67 152
42 68 230
42 69 99
42 70 166
42 71 258
42 72 221
42 73 236
42 74 226
42 75 176
42 76 159
42 77 160
42 78 231
42 79 199
42 80 265
42 81 217
42 82 113
42 83 120
42 84 249
42 85 26
42 86 293
42 87 292
42 88 51
42 89 264
42 90 270
42 91 154
42 92 106
42 93 120
42 94 45
42 95 199
42 96 44
42 97 160
42 98 122
42 99 50
42 100 153
42 101 27
42 102 270
42 103 139
42 104 131
42 105 282
42 106 85
42 107 188
42 108 272
42 109 93
42 110 19
42 111 273
42 112 127
42 113 291
42 114 86
42 115 247
42 116 92
42 117 63
42 118 85
42 119 49
42 120 124
42 121 281
42 122 264
42 123 225
42 124 188
42 125 132
42 126 144
42 127 296
42 128 215
42 129 36
42 130 133
42 131 295
42 132 67
42 133 45
42 134 207
42 135 124
42 136 50
42 137 58
42 138 42
42 139 111
42 140 249
43 44 192
43 45 271
43 46 218
43 47 263
43 48 106
43 49 44
43 50 44
43 51 237
43 52 83
43 53 239
43 54 50
43 55 280
43 56 150
43 57 287
43 58 28
43 59 108
43 60 295
43 61 77
43 62 195
43 63 30
43 64 103
43 65 112
43 66 88
43 67 85
43 68 221
43 69 169
43 70 104
43 71 298
43 72 14
43 73 276
43 74 229
43 75 93
43 76 188
43 77 140
43 78 122
43 79 244
43 80 65
43 81 215
43 82 181
43 83 34
43 84 49
43 85 110
43 86 273
43 87 158
43 88 179
43 89 117
43 90 223
43 91 29
43 92 181
43 93 284
43 94 89
43 95 256
43 96 278
43 97 264
43 98 153
43 99 173
43 100 52
43 101 222
43 102 122
43 103 210
43 104 40
43 105 149
43 106 29
43 107 239
43 108 84
43 109 246
43 110 277
43 111 163
43 112 179
43 113 196
43 114 232
43 115 168
43 116 61
43 117 178
43 118 249
43 119 23
43 120 135
43 121 158
43 122 170
43 123 141
43 124 240
43 125 18
43 126 177
43 127 107
43 128 286
43 129 84
43 130 115
43 131 207
43 132 115
43 133 21
43 134 79
43 135 60
43 136 297
43 137 68
43 138 281
43 139 176
43 140 236
44 45 174
44 46 38
44 47 37
44 48 34
44 49 107
44 50 54
44 51 297
44 52 238
44 53 145
44 54 296
44 55 141
44 56 145
44 57 203
44 58 195
44 59 175
44 60 57
44 61 173
44 62 299
44 63 192
44 64 220
44 65 180
44 66 158
44 67 77
44 68 169
44 69 34
44 70 91
44 71 200
44 72 128
44 73 193
44 74 136
44 75 179
44 76 55
44 77 267
44 78 170
44 79 35
44 80 182
44 81 190
44 82 121
44 83 64
44 84 168
44 85 84
44 86 170
44 87 271
44 88 136
44 89 43
44 90 68
44 91 273
44 92 112
44 93 231
44 94 70
44 95 170
44 96 267
44 97 85
44 98 147
44 99 45
44 100 147
44 101 281
44 102 289
44 103 249
44 104 159
44 105 126
44 106 294
44 107 140
44 108 169
44 109 214
44 110 139
44 111 73
44 112 126
44 113 115
44 114 205
44 115 126
44 116 132
44 117 32
44 118 190
44 119 148
44 120 254
44 121 295
44 122 207
44 123 279
44 124 222
44 125 92
44 126 105
44 127 231
44 128 173
44 129 75
44 130 92
44 131 255
44 132 225
44 133 214
44 134 216
44 135 76
44 136 115
44 137 289
44 138 227
44 139 36
44 140 32
45 46 102
45 47 279
45 48 37
45 49 36
45 50 216
45 51 133
45 52 289
45 53 129
45 54 53
45 55 125
45 56 178
45 57 234
45 58 195
45 59 299
45 60 78
45 61 80
45 62 269
45 63 57
45 64 162
45 65 12
45 66 246
45 67 90
45 68 201
45 69 138
45 70 16
45 71 188
45 72 126
45 73 253
45 74 97
45 75 190
45 76 289
45 77 223
45 78 225
45 79 101
45 80 75
45 81 55
45 82 157
45 83 129
45 84 32
45 85 137
45 86 224
45 87 17
45 88 36
45 89 34
45 90 195
45 91 80
45 92 38
45 93 23
45 94 136
45 95 44
45 96 12
45 97 239
45 98 191
45 99 185
45 100 60
45 101 186
45 102 90
45 103 264
45 104 89
45 105 32
45 106 266
45 107 186
45 108 49
45 109 84
45 110 185
45 111 147
45 112 214
45 113 283
45 114 236
45 115 236
45 116 150
45 117 177
45 118 269
45 119 161
45 120 98
45 121 138
45 122 263
45 123 14
45 124 289
45 125 48
45 126 50
45 127 279
45 128 147
45 129 265
45 130 244
45 131 11
45 132 147
45 133 251
45 134 200
45 135 147
45 136 274
45 137 106
45 138 150
45 139 128
45 140 47
46 47 282
46 48 78
46 49 231
46 50 170
46 51 147
46 52 39
46 53 115
46 54 75
46 55 229
46 56 121
46 57 184
46 58 124
46 59 182
46 60 141
46 61 231
46 62 169
46 63 164
46 64 140
46 65 277
46 66 265
46 67 36
46 68 182
46 69 40
46 70 83
46 71 210
46 72 98
46 73 136
46 74 58
46 75 56
46 76 38
46 77 103
46 78 150
46 79 119
46 80 176
46 81 47
46 82 111
46 83 41
46 84 65
46 85 247
46 86 206
46 87 64
46 88 163
46 89 269
46 90 57
46 91 164
46 92 119
46 93 246
46 94 171
46 95 199
46 96 65
46 97 212
46 98 285
46 99 179
46 100 154
46 101 94
46 102 189
46 103 242
46 104 53
46 105 93
46 106 259
46 107 239
46 108 19
46 109 11
46 110 251
46 111 117
46 112 233
46 113 130
46 114 281
46 115 274
46 116 114
46 117 229
46 118 249
46 119 182
46 120 24
46 121 262
46 122 144
46 123 168
46 124 126
46 125 161
46 126 88
46 127 64
46 128 49
46 129 242
46 130 208
46 131 178
46 132 79
46 133 133
46 134 161
46 135 174
46 136 282
46 137 150
46 138 48
46 139 218
46 140 216
47 48 157
47 49 23
47 50 150
47 51 148
47 52 19
47 53 205
47 54 181
47 55 291
47 56 131
47 57 170
47 58 134
47 59 273
47 60 197
47 61 36
47 62 232
47 63 240
47 64 30
47 65 91
47 66 64
47 67 281
47 68 282
47 69 139
47 70 290
47 71 266
47 72 214
47 73 132
47 74 124
47 75 216
47 76 122
47 77 276
47 78 73
47 79 248
47 80 200
47 81 212
47 82 249
47 83 199
47 84 112
47 85 104
47 86 11
47 87 265
47 88 264
47 89 150
47 90 192
47 91 175
47 92 17
47 93 102
47 94 175
47 95 82
47 96 49
47 97 50
47 98 247
47 99 94
47 100 133
47 101 262
47 102 203
47 103 124
47 104 219
47 105 262
47 106 201
47 107 190
47 108 192
47 109 166
47 110 217
47 111 162
47 112 193
47 113 186
47 114 212
47 115 135
47 116 142
47 117 253
47 118 51
47 119 269
47 120 298
47 121 288
47 122 235
47 123 208
47 124 269
47 125 201
47 126 143
47 127 245
47 128 283
47 129 187
47 130 180
47 131 30
47 132 246
47 133 122
47 134 112
47 135 195
47 136 154
47 137 47
47 138 197
47 139 248
47 140 51
48 49 30
48 50 74
48 51 118
48 52 126
48 53 271
48 54 80
48 55 279
48 56 58
48 57 146
48 58 243
48 59 269
48 60 253
48 61 254
48 62 25
48 63 49
48 64 17
48 65 41
48 66 228
48 67 110
48 68 73
48 69 105
48 70 211
48 71 101
48 72 192
48 73 195
48 74 110
48 75 116
48 76 188
48 77 271
48 78 185
48 79 231
48 80 295
48 81 145
48 82 250
48 83 176
48 84 35
48 85 201
48 86 23
48 87 61
48 88 268
48 89 61
48 90 235
48 91 150
48 92 48
48 93 190
48 94 96
48 95 212
48 96 27
48 97 92
48 98 194
48 99 116
48 100 123
48 101 227
48 102 294
48 103 292
48 104 170
48 105 298
48 106 45
48 107 202
48 108 128
48 109 199
48 110 100
48 111 196
48 112 267
48 113 25
48 114 103
48 115 158
48 116 185
48 117 227
48 118 134
48 119 43
48 120 86
48 121 130
48 122 180
48 123 141
48 124 170
48 125 173
48 126 287
48 127 32
48 128 139
48 129 104
48 130 83
48 131 162
48 132 72
48 133 64
48 134 232
48 135 101
48 136 41
48 137 41
48 138 27
48 139 284
48 140 89
49 50 250
49 51 33
49 52 224
49 53 271
49 54 32
49 55 176
49 56 164
49 57 92
49 58 29
49 59 240
49 60 136
49 61 100
49 62 219
49 63 275
49 64 236
49 65 140
49 66 43
49 67 145
49 68 226
49 69 156
49 70 140
49 71 205
49 72 11
49 73 190
49 74 19
49 75 121
49 76 280
49 77 106
49 78 179
49 79 80
49 80 147
49 81 156
49 82 141
49 83 161
49 84 235
49 85 207
49 86 160
49 87 13
49 88 78
49 89 125
49 90 126
49 91 215
49 92 264
49 93 294
49 94 75
49 95 28
49 96 231
49 97 274
49 98 66
49 99 85
49 100 234
49 101 43
49 102 287
49 103 172
49 104 110
49 105 239
49 106 292
49 107 173
49 108 206
49 109 169
49 110 31
49 111 151
49 112 84
49 113 98
49 114 184
49 115 28
49 116 40
49 117 163
49 118 254
49 119 152
49 120 176
49 121 50
49 122 65
49 123 224
49 124 34
49 125 19
49 126 282
49 127 21
49 128 120
49 129 193
49 130 128
49 131 285
49 132 61
49 133 70
49 134 244
49 135 155
49 136 80
49 137 270
49 138 30
49 139 298
49 140 206
50 51 40
50 52 247
50 53 224
50 54 105
50 55 220
50 56 243
50 57 221
50 58 115
50 59 193
50 60 288
50 61 249
50 62 69
50 63 200
50 64 197
50 65 201
50 66 253
50 67 193
50 68 121
50 69 161
50 70 23
50 71 139
50 72 144
50 73 278
50 74 19
50 75 152
50 76 37
50 77 166
50 78 262
50 79 152
50 80 50
50 81 68
50 82 93
50 83 209
50 84 170
50 85 36
50 86 289
50 87 250
50 88 17
50 89 78
50 90 272
50 91 271
50 92 249
50 93 226
50 94 187
50 95 62
50 96 235
50 97 157
50 98 191
50 99 24
50 100 69
50 101 199
50 102 108
50 103 213
50 104 293
50 105 84
50 106 11
50 107 270
50 108 106
50 109 180
50 110 160
50 111 177
50 112 173
50 113 44
50 114 60
50 115 16
50 116 29
50 117 292
50 118 239
50 119 152
50 120 227
50 121 143
50 122 105
50 123 104
50 124 127
50 125 72
50 126 122
50 127 239
50 128 227
50 129 179
50 130 151
50 131 170
50 132 99
50 133 100
50 134 46
50 135 212
50 136 289
50 137 200
50 138 223
50 139 19
50 140 145
51 52 16
51 53 162
51 54 55
51 55 207
51 56 174
51 57 232
51 58 227
51 59 281
51 60 278
51 61 268
51 62 239
51 63 191
51 64 132
51 65 107
51 66 101
51 67 15
51 68 178
51 69 116
51 70 181
51 71 220
51 72 25
51 73 188
51 74 90
51 75 253
51 76 78
51 77 177
51 78 59
51 79 38
51 80 114
51 81 82
51 82 260
51 83 293
51 84 89
51 85 68
51 86 199
51 87 59
51 88 13
51 89 210
51 90 298
51 91 210
51 92 266
51 93 36
51 94 123
51 95 76
51 96 214
51 97 10
51 98 93
51 99 74
51 100 22
51 101 29
51 102 115
51 103 284
51 104 10
51 105 60
51 106 298
51 107 214
51 108 96
51 109 109
51 110 159
51 111 50
51 112 298
51 113 135
51 114 230
51 115 166
51 116 245
51 117 13
51 118 200
51 119 112
51 120 239
51 121 278
51 122 141
51 123 242
51 124 200
51 125 84
51 126 170
51 127 48
51 128 224
51 129 19
51 130 43
51 131 274
51 132 63
51 133 214
51 134 177
51 135 142
51 136 149
51 137 167
51 138 100
51 139 19
51 140 169
52 53 279
52 54 207
52 55 76
52 56 156
52 57 163
52 58 52
52 59 135
52 60 95
52 61 254
52 62 77
52 63 32
52 64 180
52 65 32
52 66 195
52 67 247
52 68 86
52 69 260
52 70 240
52 71 197
52 72 11
52 73 237
52 74 215
52 75 94
52 76 163
52 77 238
52 78 193
52 79 288
52 80 136
52 81 22
52 82 69
52 83 168
52 84 267
52 85 184
52 86 167
52 87 279
52 88 110
52 89 118
52 90 22
52 91 281
52 92 179
52 93 279
52 94 112
52 95 128
52 96 92
52 97 243
52 98 262
52 99 51
52 100 164
52 101 116
52 102 85
52 103 108
52 104 51
52 105 168
52 106 199
52 107 93
52 108 285
52 109 290
52 110 130
52 111 40
52 112 28
52 113 212
52 114 203
52 115 57
52 116 180
52 117 278
52 118 298
52 119 223
52 120 208
52 121 244
52 122 34
52 123 220
52 124 65
52 125 120
52 126 70
52 127 153
52 128 181
52 129 142
52 130 104
52 131 203
52 132 87
52 133 226
52 134 139
52 135 80
52 136 277
52 137 153
52 138 114
52 139 64
52 140 67
53 54 52
53 55 100
53 56 26
53 57 161
53 58 251
53 59 279
53 60 171
53 61 15
53 62 36
53 63 136
53 64 91
53 65 146
53 66 152
53 67 138
53 68 155
53 69 120
53 70 162
53 71 99
53 72 96
53 73 139
53 74 54
53 75 296
53 76 157
53 77 68
53 78 64
53 79 150
53 80 27
53 81 212
53 82 289
53 83 80
53 84 170
53 85 121
53 86 264
53 87 243
53 88 257
53 89 172
53 90 249
53 91 203
53 92 26
53 93 39
53 94 135
53 95 186
53 96 163
53 97 90
53 98 227
53 99 35
53 100 288
53 101 157
53 102 63
53 103 196
53 104 244
53 105 87
53 106 115
53 107 73
53 108 16
53 109 196
53 110 247
53 111 238
53 112 74
53 113 105
53 114 221
53 115 275
53 116 114
53 117 101
53 118 281
53 119 40
53 120 232
53 121 98
53 122 57
53 123 296
53 124 164
53 125 202
53 126 121
53 127 238
53 128 164
53 129 187
53 130 131
53 131 28
53 132 258
53 133 60
53 134 130
53 135 160
53 136 223
53 137 124
53 138 247
53 139 162
53 140 275
54 55 71
54 56 185
54 57 169
54 58 281
54 59 36
54 60 290
54 61 24
54 62 109
54 63 162
54 64 72
54 65 234
54 66 122
54 67 293
54 68 13
54 69 15
54 70 159
54 71 140
54 72 252
54 73 275
54 74 156
54 75 179
54 76 71
54 77 97
54 78 243
54 79 108
54 80 276
54 81 124
54 82 136
54 83 164
54 84 256
54 85 195
54 86 32
54 87 275
54 88 240
54 89 43
54 90 144
54 91 269
54 92 226
54 93 183
54 94 228
54 95 138
54 96 292
54 97 156
54 98 167
54 99 172
54 100 195
54 101 298
54 102 42
54 103 86
54 104 203
54 105 129
54 106 40
54 107 29
54 108 156
54 109 218
54 110 209
54 111 228
54 112 106
54 113 107
54 114 25
54 115 52
54 116 25
54 117 28
54 118 158
54 119 237
54 120 156
54 121 142
54 122 22
54 123 193
54 124 138
54 125 158
54 126 110
54 127 266
54 128 104
54 129 271
54 130 251
54 131 160
54 132 85
54 133 243
54 134 181
54 135 284
54 136 211
54 137 270
54 138 242
54 139 124
54 140 251
55 56 227
55 57 281
55 58 170
55 59 234
55 60 65
55 61 296
55 62 241
55 63 214
55 64 132
55 65 175
55 66 123
55 67 46
55 68 293
55 69 67
55 70 73
55 71 204
55 72 237
55 73 142
55 74 185
55 75 183
55 76 272
55 77 261
55 78 125
55 79 209
55 80 174
55 81 277
55 82 282
55 83 230
55 84 71
55 85 142
55 86 30
55 87 204
55 88 94
55 89 129
55 90 289
55 91 91
55 92 231
55 93 236
55 94 63
55 95 119
55 96 14
55 97 266
55 98 177
55 99 145
55 100 38
55 101 223
55 102 44
55 103 296
55 104 200
55 105 87
55 106 153
55 107 69
55 108 148
55 109 54
55 110 187
55 111 251
55 112 21
55 113 250
55 114 145
55 115 298
55 116 266
55 117 271
55 118 37
55 119 29
55 120 29
55 121 271
55 122 215
55 123 57
55 124 53
55 125 59
55 126 243
55 127 260
55 128 201
55 129 32
55 130 282
55 131 236
55 132 63
55 133 101
55 134 76
55 135 228
55 136 185
55 137 196
55 138 87
55 139 88
55 140 41
56 57 71
56 58 212
56 59 225
56 60 12
56 61 223
56 62 35
56 63 175
56 64 201
56 65 144
56 66 280
56 67 32
56 68 273
56 69 128
56 70 248
56 71 165
56 72 118
56 73 30
56 74 296
56 75 225
56 76 82
56 77 114
56 78 261
56 79 276
56 80 216
56 81 163
56 82 224
56 83 278
56 84 85
56 85 187
56 86 87
56 87 257
56 88 178
56 89 120
56 90 19
56 91 291
56 92 62
56 93 276
56 94 230
56 95 104
56 96 155
56 97 148
56 98 58
56 99 245
56 100 129
56 101 147
56 102 170
56 103 295
56 104 196
56 105 283
56 106 274
56 107 278
56 108 116
56 109 262
56 110 89
56 111 50
56 112 102
56 113 141
56 114 42
56 115 259
56 116 82
56 117 38
56 118 64
56 119 151
56 120 193
56 121 230
56 122 119
56 123 93
56 124 260
56 125 259
56 126 216
56 127 73
56 128 222
56 129 191
56 130 94
56 131 168
56 132 256
56 133 90
56 134 88
56 135 208
56 136 33
56 137 113
56 138 13
56 139 24
56 140 227
57 58 116
57 59 166
57 60 60
57 61 203
57 62 277
57 63 157
57 64 159
57 65 250
57 66 19
57 67 149
57 68 75
57 69 165
57 70 56
57 71 148
57 72 183
57 73 68
57 74 245
57 75 180
57 76 186
57 77 190
57 78 131
57 79 228
57 80 242
57 81 132
57 82 69
57 83 184
57 84 93
57 85 293
57 86 200
57 87 194
57 88 190
57 89 256
57 90 69
57 91 102
57 92 101
57 93 69
57 94 140
57 95 28
57 96 122
57 97 249
57 98 199
57 99 258
57 100 138
57 101 106
57 102 160
57 103 179
57 104 48
57 105 74
57 106 34
57 107 100
57 108 295
57 109 135
57 110 220
57 111 204
57 112 225
57 113 142
57 114 60
57 115 234
57 116 175
57 117 24
57 118 107
57 119 99
57 120 295
57 121 36
57 122 126
57 123 85
57 124 27
57 125 26
57 126 98
57 127 192
57 128 253
57 129 61
57 130 196
57 131 225
57 132 228
57 133 211
57 134 268
57 135 198
57 136 23
57 137 272
57 138 265
57 139 58
57 140 126
58 59 97
58 60 31
58 61 91
58 62 236
58 63 74
58 64 72
58 65 201
58 66 66
58 67 244
58 68 48
58 69 219
58 70 22
58 71 63
58 72 127
58 73 276
58 74 45
58 75 236
58 76 62
58 77 41
58 78 29
58 79 194
58 80 293
58 81 151
58 82 151
58 83 120
58 84 129
58 85 66
58 86 174
58 87 240
58 88 230
58 89 293
58 90 278
58 91 140
58 92 240
58 93 101
58 94 260
58 95 138
58 96 37
58 97 116
58 98 287
58 99 82
58 100 68
58 101 274
58 102 277
58 103 275
58 104 233
58 105 68
58 106 187
58 107 258
58 108 118
58 109 14
58 110 278
58 111 73
58 112 214
58 113 156
58 114 299
58 115 128
58 116 177
58 117 182
58 118 218
58 119 19
58 120 33
58 121 25
58 122 169
58 123 10
58 124 55
58 125 138
58 126 251
58 127 299
58 128 165
58 129 214
58 130 124
58 131 96
58 132 203
58 133 214
58 134 204
58 135 79
58 136 82
58 137 59
58 138 168
58 139 277
58 140 43
59 60 215
59 61 78
59 62 194
59 63 158
59 64 163
59 65 181
59 66 128
59 67 215
59 68 195
59 69 29
59 70 155
59 71 205
59 72 134
59 73 90
59 74 46
59 75 252
59 76 78
59 77 242
59 78 111
59 79 120
59 80 284
59 81 247
59 82 284
59 83 202
59 84 30
59 85 31
59 86 247
59 87 227
59 88 61
59 89 115
59 90 158
59 91 131
59 92 91
59 93 38
59 94 194
59 95 288
59 96 177
59 97 74
59 98 82
59 99 89
59 100 131
59 101 173
59 102 107
59 103 220
59 104 31
59 105 256
59 106 40
59 107 212
59 108 163
59 109 160
59 110 259
59 111 32
59 112 104
59 113 73
59 114 92
59 115 94
59 116 47
59 117 184
59 118 240
59 119 266
59 120 140
59 121 255
59 122 188
59 123 228
59 124 205
59 125 83
59 126 220
59 127 107
59 128 230
59 129 20
59 130 64
59 131 198
59 132 261
59 133 115
59 134 284
59 135 148
59 136 183
59 137 289
59 138 195
59 139 179
59 140 271
60 61 218
60 62 34
60 63 195
60 64 281
60 65 157
60 66 224
60 67 174
60 68 284
60 69 252
60 70 209
60 71 299
60 72 110
60 73 235
60 74 291
60 75 179
60 76 258
60 77 297
60 78 203
60 79 162
60 80 296
60 81 293
60 82 162
60 83 159
60 84 187
60 85 283
60 86 57
60 87 79
60 88 256
60 89 279
60 90 56
60 91 286
60 92 299
60 93 186
60 94 192
60 95 289
60 96 204
60 97 21
60 98 296
60 99 107
60 100 165
60 101 180
60 102 69
60 103 105
60 104 33
60 105 175
60 106 225
60 107 203
60 108 280
60 109 237
60 110 14
60 111 49
60 112 284
60 113 142
60 114 85
60 115 276
60 116 36
60 117 149
60 118 267
60 119 14
60 120 181
60 121 189
60 122 259
60 123 155
60 124 216
60 125 44
60 126 183
60 127 108
60 128 255
60 129 103
60 130 50
60 131 53
60 132 19
60 133 211
60 134 212
60 135 259
60 136 200
60 137 10
60 138 215
60 139 256
60 140 81
61 62 201
61 63 29
61 64 204
61 65 23
61 66 289
61 67 159
61 68 63
61 69 221
61 70 172
61 71 98
61 72 173
61 73 99
61 74 89
61 75 136
61 76 221
61 77 186
61 78 63
61 79 81
61 80 83
61 81 229
61 82 219
61 83 193
61 84 173
61 85 196
61 86 202
61 87 202
61 88 282
61 89 46
61 90 188
61 91 26
61 92 72
61 93 41
61 94 204
61 95 159
61 96 28
61 97 36
61 98 97
61 99 45
61 100 67
61 101 148
61 102 192
61 103 237
61 104 211
61 105 72
61 106 266
61 107 213
61 108 41
61 109 138
61 110 88
61 111 11
61 112 157
61 113 126
61 114 217
61 115 152
61 116 269
61 117 49
61 118 139
61 119 119
61 120 79
61 121 220
61 122 107
61 123 38
61 124 219
61 125 250
61 126 232
61 127 105
61 128 262
61 129 249
61 130 87
61 131 17
61 132 111
61 133 75
61 134 236
61 135 68
61 136 199
61 137 92
61 138 147
61 139 13
61 140 266
62 63 254
62 64 153
62 65 134
62 66 275
62 67 202
62 68 287
62 69 278
62 70 116
62 71 280
62 72 55
62 73 265
62 74 239
62 75 295
62 76 67
62 77 243
62 78 193
62 79 260
62 80 23
62 81 186
62 82 295
62 83 227
62 84 138
62 85 15
62 86 183
62 87 167
62 88 202
62 89 243
62 90 276
62 91 187
62 92 226
62 93 266
62 94 200
62 95 93
62 96 166
62 97 270
62 98 187
62 99 268
62 100 206
62 101 270
62 102 118
62 103 228
62 104 192
62 105 147
62 106 115
62 107 239
62 108 34
62 109 190
62 110 164
62 111 28
62 112 55
62 113 63
62 114 35
62 115 273
62 116 131
62 117 202
62 118 234
62 119 11
62 120 276
62 121 152
62 122 167
62 123 254
62 124 251
62 125 42
62 126 131
62 127 292
62 128 264
62 129 254
62 130 208
62 131 266
62 132 87
62 133 129
62 134 263
62 135 259
62 136 214
62 137 173
62 138 15
62 139 222
62 140 133
63 64 172
63 65 206
63 66 28
63 67 232
63 68 280
63 69 67
63 70 166
63 71 189
63 72 229
63 73 141
63 74 247
63 75 136
63 76 221
63 77 191
63 78 214
63 79 183
63 80 16
63 81 261
63 82 126
63 83 260
63 84 129
63 85 47
63 86 197
63 87 147
63 88 224
63 89 202
63 90 147
63 91 66
63 92 268
63 93 102
63 94 47
63 95 191
63 96 289
63 97 35
63 98 243
63 99 195
63 100 220
63 101 215
63 102 183
63 103 263
63 104 135
63 105 73
63 106 127
63 107 197
63 108 257
63 109 64
63 110 284
63 111 101
63 112 243
63 113 245
63 114 219
63 115 163
63 116 170
63 117 161
63 118 179
63 119 149
63 120 189
63 121 81
63 122 278
63 123 90
63 124 211
63 125 97
63 126 225
63 127 283
63 128 227
63 129 261
63 130 145
63 131 46
63 132 55
63 133 171
63 134 268
63 135 176
63 136 112
63 137 91
63 138 160
63 139 135
63 140 214
64 65 164
64 66 79
64 67 192
64 68 246
64 69 202
64 70 121
64 71 65
64 72 243
64 73 120
64 74 235
64 75 240
64 76 296
64 77 67
64 78 255
64 79 252
64 80 189
64 81 48
64 82 110
64 83 78
64 84 107
64 85 228
64 86 242
64 87 194
64 88 123
64 89 37
64 90 102
64 91 293
64 92 98
64 93 201
64 94 196
64 95 58
64 96 226
64 97 28
64 98 236
64 99 34
64 100 48
64 101 244
64 102 294
64 103 69
64 104 65
64 105 211
64 106 288
64 107 147
64 108 136
64 109 196
64 110 96
64 111 58
64 112 237
64 113 89
64 114 200
64 115 32
64 116 245
64 117 10
64 118 107
64 119 188
64 120 110
64 121 271
64 122 194
64 123 245
64 124 109
64 125 199
64 126 72
64 127 12
64 128 152
64 129 162
64 130 81
64 131 63
64 132 60
64 133 32
64 134 209
64 135 216
64 136 67
64 137 94
64 138 261
64 139 159
64 140 252
65 66 221
65 67 249
65 68 247
65 69 206
65 70 264
65 71 38
65 72 105
65 73 108
65 74 195
65 75 183
65 76 247
65 77 32
65 78 50
65 79 229
65 80 175
65 81 84
65 82 245
65 83 25
65 84 101
65 85 276
65 86 182
65 87 238
65 88 208
65 89 101
65 90 120
65 91 148
65 92 145
65 93 289
65 94 178
65 95 276
65 96 112
65 97 234
65 98 279
65 99 180
65 100 234
65 101 180
65 102 74
65 103 239
65 104 40
65 105 48
65 106 283
65 107 153
65 108 280
65 109 14
65 110 123
65 111 271
65 112 30
65 113 266
65 114 186
65 115 72
65 116 51
65 117 256
65 118 226
65 119 64
65 120 151
65 121 201
65 122 254
65 123 51
65 124 187
65 125 52
65 126 181
65 127 112
65 128 71
65 129 178
65 130 101
65 131 212
65 132 32
65 133 158
65 134 213
65 135 264
65 136 66
65 137 224
65 138 238
65 139 290
65 140 22
66 67 63
66 68 260
66 69 202
66 70 29
66 71 60
66 72 59
66 73 48
66 74 182
66 75 124
66 76 278
66 77 154
66 78 164
66 79 112
66 80 109
66 81 36
66 82 156
66 83 38
66 84 273
66 85 281
66 86 255
66 87 103
66 88 264
66 89 125
66 90 250
66 91 292
66 92 63
66 93 227
66 94 278
66 95 22
66 96 166
66 97 135
66 98 149
66 99 272
66 100 23
66 101 35
66 102 189
66 103 204
66 104 274
66 105 28
66 106 163
66 107 16
66 108 246
66 109 266
66 110 276
66 111 35
66 112 144
66 113 193
66 114 135
66 115 41
66 116 250
66 117 15
66 118 90
66 119 206
66 120 26
66 121 232
66 122 15
66 123 181
66 124 297
66 125 140
66 126 20
66 127 14
66 128 185
66 129 142
66 130 63
66 131 265
66 132 205
66 133 94
66 134 23
66 135 48
66 136 130
66 137 258
66 138 213
66 139 106
66 140 244
67 68 233
67 69 157
67 70 266
67 71 193
67 72 70
67 73 50
67 74 187
67 75 133
67 76 46
67 77 190
67 78 83
67 79 28
67 80 53
67 81 28
67 82 227
67 83 58
67 84 78
67 85 148
67 86 243
67 87 253
67 88 177
67 89 249
67 90 26
67 91 271
67 92 233
67 93 103
67 94 208
67 95 12
67 96 221
67 97 53
67 98 15
67 99 174
67 100 63
67 101 125
67 102 248
67 103 235
67 104 151
67 105 181
67 106 218
67 107 133
67 108 64
67 109 109
67 110 182
67 111 67
67 112 50
67 113 169
67 114 291
67 115 171
67 116 187
67 117 42
67 118 79
67 119 193
67 120 293
67 121 62
67 122 224
67 123 127
67 124 231
67 125 274
67 126 53
67 127 258
67 128 246
67 129 187
67 130 287
67 131 16
67 132 206
67 133 49
67 134 297
67 135 117
67 136 79
67 137 155
67 138 57
67 139 240
67 140 140
68 69 187
68 70 198
68 71 146
68 72 93
68 73 55
68 74 69
68 75 208
68 76 137
68 77 97
68 78 181
68 79 62
68 80 194
68 81 133
68 82 144
68 83 213
68 84 283
68 85 147
68 86 279
68 87 172
68 88 208
68 89 71
68 90 118
68 91 27
68 92 29
68 93 177
68 94 121
68 95 193
68 96 293
68 97 155
68 98 257
68 99 208
68 100 36
68 101 158
68 102 109
68 103 89
68 104 226
68 105 67
68 106 11
68 107 283
68 108 63
68 109 121
68 110 49
68 111 177
68 112 236
68 113 48
68 114 144
68 115 252
68 116 18
68 117 131
68 118 173
68 119 24
68 120 98
68 121 113
68 122 216
68 123 91
68 124 99
68 125 249
68 126 219
68 127 229
68 128 256
68 129 115
68 130 28
68 131 56
68 132 158
68 133 222
68 134 210
68 135 79
68 136 10
68 137 127
68 138 244
68 139 259
68 140 216
69 70 52
69 71 293
69 72 30
69 73 18
69 74 122
69 75 10
69 76 197
69 77 195
69 78 237
69 79 224
69 80 173
69 81 46
69 82 274
69 83 147
69 84 69
69 85 41
69 86 235
69 87 185
69 88 185
69 89 19
69 90 75
69 91 182
69 92 78
69 93 159
69 94 70
69 95 298
69 96 219
69 97 143
69 98 294
69 99 86
69 100 96
69 101 194
69 102 174
69 103 228
69 104 52
69 105 78
69 106 19
69 107 191
69 108 58
69 109 293
69 110 22
69 111 293
69 112 39
69 113 296
69 114 236
69 115 281
69 116 216
69 117 33
69 118 250
69 119 113
69 120 215
69 121 208
69 122 76
69 123 137
69 124 212
69 125 139
69 126 272
69 127 91
69 128 24
69 129 148
69 130 137
69 131 159
69 132 184
69 133 242
69 134 191
69 135 113
69 136 176
69 137 57
69 138 265
69 139 88
69 140 127
70 71 10
70 72 277
70 73 39
70 74 137
70 75 43
70 76 282
70 77 44
70 78 256
70 79 84
70 80 151
70 81 11
70 82 127
70 83 184
70 84 133
70 85 89
70 86 253
70 87 27
70 88 289
70 89 240
70 90 256
70 91 57
70 92 196
70 93 228
70 94 59
70 95 233
70 96 118
70 97 103
70 98 271
70 99 79
70 100 39
70 101 158
70 102 228
70 103 97
70 104 212
70 105 184
70 106 275
70 107 56
70 108 10
70 109 95
70 110 208
70 111 248
70 112 14
70 113 145
70 114 143
70 115 92
70 116 285
70 117 35
70 118 87
70 119 31
70 120 248
70 121 121
70 122 155
70 123 225
70 124 85
70 125 159
70 126 22
70 127 44
70 128 271
70 129 215
70 130 144
70 131 17
70 132 217
70 133 202
70 134 186
70 135 215
70 136 258
70 137 246
70 138 141
70 139 273
70 140 278
71 72 235
71 73 236
71 74 56
71 75 29
71 76 191
71 77 160
71 78 287
71 79 39
71 80 205
71 81 28
71 82 114
71 83 169
71 84 241
71 85 61
71 86 284
71 87 160
71 88 179
71 89 220
71 90 170
71 91 97
71 92 224
71 93 237
71 94 57
71 95 70
71 96 13
71 97 270
71 98 30
71 99 233
71 100 232
71 101 252
71 102 167
71 103 170
71 104 237
71 105 89
71 106 82
71 107 181
71 108 119
71 109 16
71 110 42
71 111 120
71 112 113
71 113 268
71 114 118
71 115 77
71 116 189
71 117 31
71 118 292
71 119 290
71 120 212
71 121 46
71 122 42
71 123 280
71 124 110
71 125 60
71 126 208
71 127 259
71 128 163
71 129 225
71 130 268
71 131 262
71 132 22
71 133 167
71 134 84
71 135 90
71 136 179
71 137 143
71 138 177
71 139 219
71 140 172
72 73 22
72 74 182
72 75 45
72 76 177
72 77 252
72 78 211
72 79 290
72 80 222
72 81 117
72 82 118
72 83 72
72 84 201
72 85 279
72 86 169
72 87 19
72 88 154
72 89 47
72 90 285
72 91 285
72 92 273
72 93 118
72 94 135
72 95 86
72 96 30
72 97 175
72 98 124
72 99 289
72 100 283
72 101 12
72 102 131
72 103 234
72 104 104
72 105 184
72 106 118
72 107 59
72 108 146
72 109 150
72 110 85
72 111 13
72 112 201
72 113 113
72 114 31
72 115 288
72 116 126
72 117 241
72 118 277
72 119 83
72 120 289
72 121 65
72 122 199
72 123 272
72 124 200
72 125 266
72 126 206
72 127 89
72 128 78
72 129 76
72 130 133
72 131 246
72 132 69
72 133 275
72 134 218
72 135 117
72 136 154
72 137 285
72 138 274
72 139 276
72 140 93
73 74 195
73 75 254
73 76 269
73 77 239
73 78 184
73 79 231
73 80 163
73 81 130
73 82 231
73 83 143
73 84 168
73 85 72
73 86 201
73 87 280
73 88 38
73 89 137
73 90 99
73 91 206
73 92 258
73 93 293
73 94 45
73 95 125
73 96 165
73 97 60
73 98 37
73 99 183
73 100 276
73 101 128
73 102 265
73 103 171
73 104 104
73 105 186
73 106 41
73 107 50
73 108 289
73 109 277
73 110 87
73 111 37
73 112 258
73 113 225
73 114 154
73 115 285
73 116 30
73 117 284
73 118 102
73 119 255
73 120 200
73 121 95
73 122 137
73 123 206
73 124 207
73 125 282
73 126 226
73 127 130
73 128 219
73 129 272
73 130 218
73 131 11
73 132 83
73 133 252
73 134 270
73 135 56
73 136 186
73 137 22
73 138 134
73 139 184
73 140 63
74 75 276
74 76 255
74 77 150
74 78 107
74 79 102
74 80 139
74 81 288
74 82 168
74 83 14
74 84 161
74 85 210
74 86 262
74 87 20
74 88 244
74 89 273
74 90 29
74 91 198
74 92 153
74 93 269
74 94 266
74 95 57
74 96 74
74 97 119
74 98 38
74 99 210
74 100 50
74 101 265
74 102 195
74 103 119
74 104 221
74 105 253
74 106 33
74 107 79
74 108 138
74 109 10
74 110 174
74 111 278
74 112 169
74 113 222
74 114 20
74 115 200
74 116 222
74 117 276
74 118 25
74 119 231
74 120 195
74 121 203
74 122 91
74 123 217
74 124 48
74 125 46
74 126 220
74 127 94
74 128 79
74 129 141
74 130 216
74 131 136
74 132 253
74 133 211
74 134 15
74 135 187
74 136 291
74 137 290
74 138 240
74 139 272
74 140 100
75 76 54
75 77 12
75 78 200
75 79 185
75 80 34
75 81 299
75 82 178
75 83 212
75 84 169
75 85 114
75 86 175
75 87 280
75 88 140
75 89 214
75 90 166
75 91 127
75 92 66
75 93 246
75 94 206
75 95 35
75 96 109
75 97 60
75 98 46
75 99 277
75 100 54
75 101 74
75 102 253
75 103 233
75 104 89
75 105 231
75 106 37
75 107 13
75 108 158
75 109 81
75 110 236
75 111 211
75 112 62
75 113 172
75 114 61
75 115 225
75 116 75
75 117 210
75 118 171
75 119 96
75 120 22
75 121 103
75 122 116
75 123 200
75 124 252
75 125 114
75 126 153
75 127 68
75 128 236
75 129 234
75 130 190
75 131 100
75 132 139
75 133 156
75 134 166
75 135 110
75 136 144
75 137 148
75 138 189
75 139 268
75 140 11
76 77 87
76 78 151
76 79 104
76 80 226
76 81 20
76 82 262
76 83 194
76 84 60
76 85 59
76 86 86
76 87 33
76 88 131
76 89 96
76 90 111
76 91 151
76 92 159
76 93 258
76 94 117
76 95 83
76 96 209
76 97 185
76 98 41
76 99 51
76 100 271
76 101 54
76 102 266
76 103 130
76 104 83
76 105 207
76 106 159
76 107 133
76 108 85
76 109 148
76 110 60
76 111 32
76 112 234
76 113 107
76 114 60
76 115 264
76 116 107
76 117 240
76 118 42
76 119 101
76 120 73
76 121 80
76 122 183
76 123 216
76 124 140
76 125 273
76 126 272
76 127 211
76 128 178
76 129 22
76 130 148
76 131 140
76 132 79
76 133 222
76 134 57
76 135 210
76 136 295
76 137 211
76 138 263
76 139 105
76 140 225
77 78 271
77 79 286
77 80 158
77 81 157
77 82 140
77 83 54
77 84 192
77 85 42
77 86 185
77 87 173
77 88 149
77 89 91
77 90 270
77 91 181
77 92 10
77 93 246
77 94 51
77 95 156
77 96 17
77 97 63
77 98 22
77 99 187
77 100 236
77 101 114
77 102 220
77 103 38
77 104 258
77 105 185
77 106 217
77 107 147
77 108 272
77 109 162
77 110 179
77 111 86
77 112 150
77 113 81
77 114 208
77 115 24
77 116 55
77 117 111
77 118 63
77 119 130
77 120 127
77 121 182
77 122 244
77 123 275
77 124 83
77 125 263
77 126 106
77 127 278
77 128 159
77 129 114
77 130 71
77 131 59
77 132 59
77 133 137
77 134 63
77 135 36
77 136 38
77 137 175
77 138 168
77 139 121
77 140 38
78 79 23
78 80 78
78 81 298
78 82 285
78 83 94
78 84 274
78 85 274
78 86 16
78 87 93
78 88 26
78 89 136
78 90 210
78 91 185
78 92 106
78 93 275
78 94 111
78 95 210
78 96 173
78 97 197
78 98 299
78 99 153
78 100 48
78 101 104
78 102 91
78 103 279
78 104 156
78 105 254
78 106 260
78 107 19
78 108 255
78 109 77
78 110 246
78 111 126
78 112 154
78 113 65
78 114 252
78 115 204
78 116 272
78 117 298
78 118 76
78 119 28
78 120 76
78 121 75
78 122 190
78 123 293
78 124 284
78 125 272
78 126 239
78 127 72
78 128 170
78 129 162
78 130 209
78 131 32
78 132 94
78 133 201
78 134 222
78 135 19
78 136 264
78 137 199
78 138 20
78 139 146
78 140 277
79 80 183
79 81 219
79 82 241
79 83 90
79 84 78
79 85 37
79 86 71
79 87 195
79 88 283
79 89 256
79 90 59
79 91 46
79 92 87
79 93 189
79 94 110
79 95 231
79 96 256
79 97 16
79 98 98
79 99 212
79 100 244
79 101 259
79 102 260
79 103 106
79 104 239
79 105 201
79 106 193
79 107 125
79 108 283
79 109 136
79 110 169
79 111 73
79 112 101
79 113 129
79 114 89
79 115 264
79 116 197
79 117 118
79 118 137
79 119 251
79 120 55
79 121 188
79 122 183
79 123 279
79 124 140
79 125 215
79 126 25
79 127 203
79 128 187
79 129 165
79 130 181
79 131 142
79 132 76
79 133 232
79 134 211
79 135 219
79 136 95
79 137 104
79 138 267
79 139 39
79 140 270
80 81 141
80 82 142
80 83 81
80 84 246
80 85 91
80 86 214
80 87 210
80 88 30
80 89 98
80 90 218
80 91 297
80 92 259
80 93 95
80 94 293
80 95 62
80 96 78
80 97 159
80 98 276
80 99 276
80 100 188
80 101 268
80 102 108
80 103 107
80 104 40
80 105 48
80 106 276
80 107 267
80 108 161
80 109 84
80 110 182
80 111 190
80 112 176
80 113 263
80 114 76
80 115 92
80 116 108
80 117 291
80 118 170
80 119 144
80 120 219
80 121 163
80 122 17
80 123 173
80 124 204
80 125 267
80 126 88
80 127 148
80 128 29
80 129 240
80 130 80
80 131 273
80 132 271
80 133 183
80 134 65
80 135 235
80 136 64
80 137 228
80 138 138
80 139 53
80 140 13
81 82 120
81 83 180
81 84 144
81 85 212
81 86 213
81 87 111
81 88 151
81 89 234
81 90 284
81 91 182
81 92 285
81 93 246
81 94 97
81 95 299
81 96 174
81 97 198
81 98 256
81 99 149
81 100 91
81 101 173
81 102 32
81 103 74
81 104 279
81 105 190
81 106 45
81 107 214
81 108 103
81 109 249
81 110 48
81 111 18
81 112 215
81 113 203
81 114 202
81 115 168
81 116 104
81 117 246
81 118 270
81 119 82
81 120 65
81 121 127
81 122 252
81 123 53
81 124 234
81 125 63
81 126 202
81 127 47
81 128 242
81 129 210
81 130 223
81 131 139
81 132 194
81 133 67
81 134 255
81 135 101
81 136 62
81 137 229
81 138 80
81 139 262
81 140 284
82 83 267
82 84 81
82 85 75
82 86 239
82 87 151
82 88 280
82 89 257
82 90 60
82 91 106
82 92 59
82 93 178
82 94 76
82 95 223
82 96 53
82 97 38
82 98 111
82 99 248
82 100 42
82 101 189
82 102 47
82 103 47
82 104 134
82 105 40
82 106 262
82 107 215
82 108 252
82 109 258
82 110 157
82 111 182
82 112 151
82 113 188
82 114 214
82 115 36
82 116 247
82 117 13
82 118 82
82 119 291
82 120 231
82 121 79
82 122 186
82 123 267
82 124 290
82 125 202
82 126 62
82 127 175
82 128 193
82 129 34
82 130 26
82 131 285
82 132 139
82 133 51
82 134 224
82 135 196
82 136 65
82 137 186
82 138 21
82 139 248
82 140 124
83 84 56
83 85 149
83 86 39
83 87 142
83 88 162
83 89 171
83 90 112
83 91 217
83 92 27
83 93 104
83 94 67
83 95 153
83 96 199
83 97 250
83 98 28
83 99 209
83 100 70
83 101 219
83 102 63
83 103 247
83 104 204
83 105 83
83 106 265
83 107 38
83 108 23
83 109 204
83 110 161
83 111 138
83 112 26
83 113 298
83 114 162
83 115 255
83 116 265
83 117 256
83 118 47
83 119 201
83 120 102
83 121 126
83 122 233
83 123 297
83 124 159
83 125 121
83 126 88
83 127 67
83 128 81
83 129 193
83 130 185
83 131 182
83 132 62
83 133 28
83 134 238
83 135 229
83 136 139
83 137 233
83 138 81
83 139 56
83 140 295
84 85 40
84 86 188
84 87 11
84 88 264
84 89 226
84 90 299
84 91 221
84 92 145
84 93 94
84 94 149
84 95 95
84 96 168
84 97 94
84 98 191
84 99 264
84 100 155
84 101 203
84 102 209
84 103 214
84 104 162
84 105 31
84 106 234
84 107 66
84 108 93
84 109 251
84 110 16
84 111 94
84 112 53
84 113 35
84 114 98
84 115 249
84 116 162
84 117 275
84 118 143
84 119 182
84 120 47
84 121 245
84 122 280
84 123 244
84 124 269
84 125 126
84 126 173
84 127 98
84 128 285
84 129 193
84 130 157
84 131 183
84 132 56
84 133 152
84 134 150
84 135 292
84 136 108
84 137 102
84 138 15
84 139 233
84 140 209
85 86 66
85 87 252
85 88 90
85 89 283
85 90 71
85 91 297
85 92 283
85 93 100
85 94 226
85 95 208
85 96 195
85 97 145
85 98 285
85 99 212
85 100 288
85 101 207
85 102 179
85 103 122
85 104 254
85 105 159
85 106 291
85 107 123
85 108 208
85 109 148
85 110 266
85 111 81
85 112 296
85 113 61
85 114 275
85 115 112
85 116 161
85 117 232
85 118 134
85 119 119
85 120 271
85 121 149
85 122 139
85 123 154
85 124 173
85 125 142
85 126 216
85 127 288
85 128 62
85 129 83
85 130 189
85 131 229
85 132 155
85 133 13
85 134 95
85 135 280
85 136 99
85 137 17
85 138 117
85 139 298
85 140 224
86 87 84
86 88 80
86 89 143
86 90 34
86 91 246
86 92 100
86 93 169
86 94 234
86 95 265
86 96 232
86 97 24
86 98 110
86 99 141
86 100 283
86 101 85
86 102 122
86 103 105
86 104 190
86 105 12
86 106 208
86 107 241
86 108 156
86 109 223
86 110 22
86 111 11
86 112 56
86 113 43
86 114 141
86 115 148
86 116 22
86 117 186
86 118 237
86 119 148
86 120 118
86 121 191
86 122 214
86 123 296
86 124 288
86 125 117
86 126 189
86 127 170
86 128 165
86 129 151
86 130 184
86 131 90
86 132 90
86 133 240
86 134 94
86 135 136
86 136 116
86 137 247
86 138 165
86 139 248
86 140 218
87 88 43
87 89 136
87 90 75
87 91 125
87 92 75
87 93 47
87 94 289
87 95 42
87 96 249
87 97 202
87 98 283
87 99 41
87 100 88
87 101 170
87 102 272
87 103 93
87 104 269
87 105 177
87 106 293
87 107 21
87 108 257
87 109 36
87 110 241
87 111 268
87 112 219
87 113 35
87 114 191
87 115 256
87 116 165
87 117 186
87 118 257
87 119 96
87 120 117
87 121 115
87 122 167
87 123 27
87 124 99
87 125 161
87 126 237
87 127 248
87 128 200
87 129 216
87 130 135
87 131 289
87 132 12
87 133 108
87 134 79
87 135 96
87 136 77
87 137 51
87 138 34
87 139 50
87 140 267
88 89 16
88 90 233
88 91 213
88 92 111
88 93 73
88 94 41
88 95 255
88 96 45
88 97 50
88 98 163
88 99 32
88 100 297
88 101 23
88 102 99
88 103 230
88 104 219
88 105 245
88 106 186
88 107 276
88 108 95
88 109 93
88 110 68
88 111 214
88 112 279
88 113 229
88 114 224
88 115 55
88 116 282
88 117 171
88 118 166
88 119 10
88 120 81
88 121 231
88 122 285
88 123 167
88 124 287
88 125 193
88 126 190
88 127 164
88 128 201
88 129 119
88 130 229
88 131 139
88 132 46
88 133 186
88 134 273
88 135 100
88 136 70
88 137 231
88 138 273
88 139 126
88 140 216
89 90 92
89 91 138
89 92 132
89 93 198
89 94 86
89 95 70
89 96 296
89 97 71
89 98 225
89 99 219
89 100 128
89 101 212
89 102 163
89 103 153
89 104 110
89 105 241
89 106 67
89 107 207
89 108 271
89 109 147
89 110 294
89 111 203
89 112 256
89 113 266
89 114 24
89 115 165
89 116 181
89 117 186
89 118 149
89 119 39
89 120 23
89 121 111
89 122 153
89 123 105
89 124 195
89 125 154
89 126 97
89 127 182
89 128 28
89 129 185
89 130 201
89 131 198
89 132 189
89 133 181
89 134 63
89 135 296
89 136 165
89 137 135
89 138 68
89 139 255
89 140 176
90 91 94
90 92 244
90 93 133
90 94 217
90 95 227
90 96 178
90 97 211
90 98 276
90 99 180
90 100 226
90 101 119
90 102 25
90 103 182
90 104 281
90 105 262
90 106 268
90 107 100
90 108 35
90 109 12
90 110 98
90 111 191
90 112 19
90 113 260
90 114 274
90 115 196
90 116 111
90 117 199
90 118 84
90 119 146
90 120 87
90 121 10
90 122 71
90 123 132
90 124 66
90 125 49
90 126 143
90 127 265
90 128 159
90 129 115
90 130 185
90 131 209
90 132 117
90 133 202
90 134 57
90 135 183
90 136 188
90 137 29
90 138 108
90 139 284
90 140 118
91 92 125
91 93 90
91 94 212
91 95 226
91 96 299
91 97 49
91 98 181
91 99 148
91 100 89
91 101 232
91 102 183
91 103 292
91 104 194
91 105 94
91 106 83
91 107 40
91 108 265
91 109 72
91 110 217
91 111 237
91 112 120
91 113 260
91 114 73
91 115 201
91 116 291
91 117 266
91 118 60
91 119 30
91 120 294
91 121 55
91 122 282
91 123 267
91 124 88
91 125 77
91 126 193
91 127 52
91 128 95
91 129 65
91 130 143
91 131 261
91 132 230
91 133 17
91 134 293
91 135 114
91 136 129
91 137 247
91 138 278
91 139 240
91 140 168
92 93 249
92 94 208
92 95 287
92 96 24
92 97 183
92 98 136
92 99 24
92 100 267
92 101 222
92 102 23
92 103 293
92 104 127
92 105 152
92 106 33
92 107 270
92 108 196
92 109 257
92 110 107
92 111 254
92 112 185
92 113 78
92 114 20
92 115 220
92 116 128
92 117 144
92 118 129
92 119 233
92 120 273
92 121 85
92 122 272
92 123 196
92 124 284
92 125 115
92 126 192
92 127 199
92 128 111
92 129 200
92 130 78
92 131 132
92 132 60
92 133 132
92 134 295
92 135 194
92 136 91
92 137 73
92 138 251
92 139 167
92 140 246
93 94 256
93 95 214
93 96 226
93 97 196
93 98 283
93 99 243
93 100 162
93 101 290
93 102 250
93 103 217
93 104 287
93 105 19
93 106 233
93 107 285
93 108 290
93 109 216
93 110 136
93 111 246
93 112 149
93 113 122
93 114 259
93 115 297
93 116 237
93 117 120
93 118 144
93 119 63
93 120 255
93 121 178
93 122 179
93 123 53
93 124 206
93 125 230
93 126 27
93 127 186
93 128 75
93 129 246
93 130 172
93 131 107
93 132 104
93 133 220
93 134 142
93 135 11
93 136 287
93 137 295
93 138 247
93 139 210
93 140 122
94 95 299
94 96 216
94 97 246
94 98 193
94 99 166
94 100 239
94 101 153
94 102 64
94 103 147
94 104 57
94 105 175
94 106 193
94 107 237
94 108 121
94 109 267
94 110 283
94 111 109
94 112 218
94 113 238
94 114 191
94 115 12
94 116 93
94 117 278
94 118 212
94 119 91
94 120 172
94 121 195
94 122 115
94 123 202
94 124 129
94 125 226
94 126 210
94 127 196
94 128 192
94 129 53
94 130 242
94 131 225
94 132 36
94 133 46
94 134 262
94 135 32
94 136 123
94 137 231
94 138 108
94 139 273
94 140 133
95 96 165
95 97 211
95 98 241
95 99 257
95 100 156
95 101 149
95 102 31
95 103 234
95 104 281
95 105 213
95 106 203
95 107 106
95 108 46
95 109 208
95 110 122
95 111 139
95 112 158
95 113 143
95 114 36
95 115 199
95 116 277
95 117 289
95 118 26
95 119 33
95 120 48
95 121 163
95 122 175
95 123 221
95 124 74
95 125 35
95 126 10
95 127 290
95 128 202
95 129 197
95 130 95
95 131 287
95 132 201
95 133 283
95 134 151
95 135 144
95 136 154
95 137 221
95 138 52
95 139 84
95 140 152
96 97 283
96 98 84
96 99 119
96 100 250
96 101 243
96 102 13
96 103 190
96 104 199
96 105 23
96 106 186
96 107 179
96 108 194
96 109 91
96 110 288
96 111 237
96 112 36
96 113 29
96 114 103
96 115 122
96 116 72
96 117 56
96 118 46
96 119 250
96 120 119
96 121 77
96 122 17
96 123 155
96 124 193
96 125 103
96 126 191
96 127 117
96 128 182
96 129 104
96 130 139
96 131 54
96 132 217
96 133 158
96 134 133
96 135 113
96 136 54
96 137 11
96 138 205
96 139 250
96 140 234
97 98 94
97 99 52
97 100 298
97 101 119
97 102 73
97 103 159
97 104 64
97 105 263
97 106 81
97 107 57
97 108 127
97 109 269
97 110 257
97 111 22
97 112 21
97 113 22
97 114 61
97 115 98
97 116 152
97 117 118
97 118 249
97 119 218
97 120 228
97 121 53
97 122 277
97 123 239
97 124 246
97 125 217
97 126 128
97 127 100
97 128 166
97 129 238
97 130 115
97 131 254
97 132 239
97 133 15
97 134 143
97 135 211
97 136 19
97 137 289
97 138 237
97 139 60
97 140 182
98 99 295
98 100 25
98 101 81
98 102 295
98 103 15
98 104 265
98 105 250
98 106 259
98 107 70
98 108 94
98 109 25
98 110 15
98 111 43
98 112 60
98 113 201
98 114 263
98 115 200
98 116 132
98 117 168
98 118 194
98 119 153
98 120 165
98 121 200
98 122 256
98 123 257
98 124 229
98 125 53
98 126 205
98 127 235
98 128 110
98 129 265
98 130 249
98 131 238
98 132 209
98 133 293
98 134 154
98 135 214
98 136 187
98 137 40
98 138 167
98 139 51
98 140 230
99 100 161
99 101 39
99 102 48
99 103 271
99 104 63
99 105 77
99 106 61
99 107 141
99 108 169
99 109 282
99 110 68
99 111 211
99 112 238
99 113 263
99 114 26
99 115 281
99 116 240
99 117 53
99 118 285
99 119 53
99 120 216
99 121 239
99 122 112
99 123 40
99 124 81
99 125 111
99 126 81
99 127 39
99 128 108
99 129 235
99 130 144
99 131 27
99 132 36
99 133 19
99 134 228
99 135 15
99 136 214
99 137 27
99 138 128
99 139 103
99 140 229
100 101 292
100 102 135
100 103 82
100 104 193
100 105 95
100 106 186
100 107 22
100 108 164
100 109 29
100 110 259
100 111 179
100 112 60
100 113 175
100 114 176
100 115 193
100 116 268
100 117 142
100 118 223
100 119 145
100 120 71
100 121 194
100 122 280
100 123 134
100 124 23
100 125 96
100 126 265
100 127 262
100 128 256
100 129 160
100 130 86
100 131 91
100 132 68
100 133 265
100 134 38
100 135 281
100 136 155
100 137 63
100 138 280
100 139 278
100 140 248
101 102 202
101 103 20
101 104 285
101 105 25
101 106 243
101 107 289
101 108 12
101 109 63
101 110 59
101 111 251
101 112 213
101 113 289
101 114 130
101 115 245
101 116 207
101 117 138
101 118 21
101 119 139
101 120 153
101 121 120
101 122 178
101 123 189
101 124 117
101 125 17
101 126 93
101 127 49
101 128 195
101 129 16
101 130 183
101 131 261
101 132 113
101 133 40
101 134 284
101 135 88
101 136 35
101 137 130
101 138 51
101 139 135
101 140 254
102 103 75
102 104 240
102 105 67
102 106 200
102 107 224
102 108 206
102 109 225
102 110 134
102 111 14
102 112 257
102 113 87
102 114 171
102 115 165
102 116 249
102 117 33
102 118 44
102 119 261
102 120 249
102 121 86
102 122 130
102 123 163
102 124 56
102 125 234
102 126 66
102 127 37
102 128 228
102 129 214
102 130 69
102 131 119
102 132 145
102 133 123
102 134 104
102 135 218
102 136 67
102 137 136
102 138 47
102 139 58
102 140 245
103 104 92
103 105 206
103 106 174
103 107 234
103 108 72
103 109 216
103 110 33
103 111 208
103 112 182
103 113 108
103 114 108
103 115 149
103 116 165
103 117 105
103 118 64
103 119 89
103 120 137
103 121 87
103 122 160
103 123 52
103 124 30
103 125 34
103 126 111
103 127 56
103 128 242
103 129 30
103 130 237
103 131 154
103 132 218
103 133 191
103 134 240
103 135 132
103 136 167
103 137 113
103 138 199
103 139 202
103 140 231
104 105 173
104 106 144
104 107 122
104 108 154
104 109 111
104 110 71
104 111 112
104 112 135
104 113 244
104 114 71
104 115 85
104 116 54
104 117 90
104 118 25
104 119 271
104 120 295
104 121 227
104 122 101
104 123 137
104 124 184
104 125 32
104 126 34
104 127 132
104 128 215
104 129 68
104 130 76
104 131 180
104 132 43
104 133 230
104 134 246
104 135 162
104 136 97
104 137 127
104 138 180
104 139 52
104 140 64
105 106 65
105 107 213
105 108 75
105 109 160
105 110 60
105 111 221
105 112 228
105 113 55
105 114 113
105 115 229
105 116 35
105 117 94
105 118 249
105 119 229
105 120 243
105 121 26
105 122 287
105 123 107
105 124 93
105 125 116
105 126 54
105 127 11
105 128 288
105 129 283
105 130 224
105 131 62
105 132 294
105 133 169
105 134 279
105 135 108
105 136 94
105 137 138
105 138 176
105 139 184
105 140 120
106 107 148
106 108 24
106 109 53
106 110 69
106 111 213
106 112 99
106 113 267
106 114 287
106 115 54
106 116 151
106 117 141
106 118 229
106 119 178
106 120 259
106 121 234
106 122 115
106 123 35
106 124 151
106 125 48
106 126 184
106 127 70
106 128 151
106 129 225
106 130 143
106 131 203
106 132 202
106 133 198
106 134 74
106 135 12
106 136 182
106 137 258
106 138 75
106 139 140
106 140 171
107 108 163
107 109 135
107 110 213
107 111 61
107 112 162
107 113 231
107 114 131
107 115 207
107 116 173
107 117 163
107 118 208
107 119 224
107 120 254
107 121 191
107 122 222
107 123 295
107 124 71
107 125 20
107 126 111
107 127 186
107 128 248
107 129 217
107 130 212
107 131 165
107 132 46
107 133 90
107 134 276
107 135 200
107 136 257
107 137 96
107 138 36
107 139 13
107 140 292
108 109 256
108 110 161
108 111 134
108 112 255
108 113 282
108 114 262
108 115 120
108 116 29
108 117 293
108 118 73
108 119 50
108 120 173
108 121 117
108 122 265
108 123 15
108 124 111
108 125 36
108 126 264
108 127 233
108 128 57
108 129 251
108 130 222
108 131 241
108 132 39
108 133 291
108 134 175
108 135 70
108 136 131
108 137 102
108 138 173
108 139 195
108 140 100
109 110 227
109 111 122
109 112 58
109 113 66
109 114 290
109 115 94
109 116 16
109 117 44
109 118 258
109 119 60
109 120 208
109 121 243
109 122 72
109 123 60
109 124 213
109 125 83
109 126 90
109 127 225
109 128 32
109 129 222
109 130 271
109 131 82
109 132 41
109 133 256
109 134 254
109 135 246
109 136 197
109 137 103
109 138 275
109 139 77
109 140 194
110 111 274
110 112 108
110 113 139
110 114 172
110 115 260
110 116 101
110 117 22
110 118 194
110 119 81
110 120 133
110 121 190
110 122 212
110 123 216
110 124 140
110 125 147
110 126 203
110 127 100
110 128 90
110 129 49
110 130 23
110 131 10
110 132 23
110 133 262
110 134 183
110 135 52
110 136 94
110 137 285
110 138 85
110 139 291
110 140 260
111 112 142
111 113 173
111 114 67
111 115 226
111 116 167
111 117 90
111 118 27
111 119 48
111 120 229
111 121 193
111 122 133
111 123 71
111 124 141
111 125 108
111 126 38
111 127 34
111 128 263
111 129 197
111 130 288
111 131 224
111 132 161
111 133 51
111 134 224
111 135 11
111 136 15
111 137 96
111 138 148
111 139 221
111 140 108
112 113 209
112 114 267
112 115 145
112 116 11
112 117 225
112 118 108
112 119 262
112 120 174
112 121 262
112 122 118
112 123 295
112 124 152
112 125 33
112 126 196
112 127 202
112 128 99
112 129 60
112 130 118
112 131 158
112 132 269
112 133 290
112 134 61
112 135 204
112 136 94
112 137 39
112 138 265
112 139 247
112 140 288
113 114 137
113 115 202
113 116 73
113 117 298
113 118 111
113 119 241
113 120 199
113 121 13
113 122 82
113 123 53
113 124 136
113 125 242
113 126 34
113 127 189
113 128 46
113 129 44
113 130 238
113 131 243
113 132 282
113 133 212
113 134 198
113 135 135
113 136 174
113 137 196
113 138 146
113 139 196
113 140 91
114 115 169
114 116 160
114 117 72
114 118 293
114 119 27
114 120 39
114 121 67
114 122 31
114 123 89
114 124 210
114 125 15
114 126 25
114 127 185
114 128 206
114 129 261
114 130 69
114 131 230
114 132 29
114 133 167
114 134 48
114 135 197
114 136 82
114 137 93
114 138 299
114 139 285
114 140 26
115 116 243
115 117 189
115 118 12
115 119 31
115 120 264
115 121 164
115 122 41
115 123 56
115 124 144
115 125 211
115 126 115
115 127 189
115 128 242
115 129 214
115 130 175
115 131 288
115 132 18
115 133 30
115 134 281
115 135 278
115 136 170
115 137 199
115 138 25
115 139 71
115 140 130
116 117 287
116 118 146
116 119 215
116 120 190
116 121 52
116 122 108
116 123 60
116 124 258
116 125 138
116 126 185
116 127 22
116 128 50
116 129 196
116 130 75
116 131 57
116 132 215
116 133 119
116 134 115
116 135 37
116 136 114
116 137 132
116 138 97
116 139 230
116 140 165
117 118 107
117 119 59
117 120 133
117 121 124
117 122 298
117 123 215
117 124 109
117 125 24
117 126 136
117 127 194
117 128 232
117 129 102
117 130 285
117 131 104
117 132 205
117 133 110
117 134 173
117 135 281
117 136 155
117 137 295
117 138 235
117 139 184
117 140 243
118 119 66
118 120 89
118 121 18
118 122 117
118 123 220
118 124 122
118 125 56
118 126 210
118 127 210
118 128 94
118 129 164
118 130 123
118 131 53
118 132 262
118 133 155
118 134 185
118 135 179
118 136 80
118 137 210
118 138 184
118 139 245
118 140 299
119 120 290
119 121 89
119 122 207
119 123 216
119 124 14
119 125 243
119 126 261
119 127 170
119 128 132
119 129 135
119 130 32
119 131 213
119 132 223
119 133 47
119 134 37
119 135 75
119 136 231
119 137 194
119 138 189
119 139 269
119 140 206
120 121 39
120 122 231
120 123 186
120 124 252
120 125 180
120 126 158
120 127 202
120 128 154
120 129 130
120 130 148
120 131 88
120 132 225
120 133 271
120 134 266
120 135 16
120 136 272
120 137 164
120 138 151
120 139 235
120 140 16
121 122 270
121 123 180
121 124 91
121 125 95
121 126 55
121 127 279
121 128 86
121 129 106
121 130 86
121 131 81
121 132 221
121 133 45
121 134 216
121 135 210
121 136 298
121 137 79
121 138 231
121 139 267
121 140 191
122 123 126
122 124 114
122 125 138
122 126 64
122 127 85
122 128 123
122 129 29
122 130 217
122 131 110
122 132 118
122 133 10
122 134 206
122 135 164
122 136 292
122 137 118
122 138 197
122 139 258
122 140 130
123 124 64
123 125 126
123 126 95
123 127 214
123 128 89
123 129 185
123 130 225
123 131 196
123 132 110
123 133 188
123 134 139
123 135 298
123 136 292
123 137 231
123 138 211
123 139 199
123 140 53
124 125 268
124 126 94
124 127 101
124 128 252
124 129 292
124 130 230
124 131 149
124 132 196
124 133 128
124 134 278
124 135 23
124 136 95
124 137 93
124 138 163
124 139 48
124 140 188
125 126 18
125 127 122
125 128 289
125 129 297
125 130 286
125 131 11
125 132 18
125 133 149
125 134 298
125 135 224
125 136 118
125 137 212
125 138 280
125 139 30
125 140 84
126 127 79
126 128 251
126 129 65
126 130 250
126 131 80
126 132 262
126 133 144
126 134 255
126 135 28
126 136 146
126 137 53
126 138 253
126 139 76
126 140 90
127 128 91
127 129 255
127 130 237
127 131 178
127 132 120
127 133 63
127 134 184
127 135 257
127 136 246
127 137 296
127 138 243
127 139 286
127 140 20
128 129 83
128 130 125
128 131 106
128 132 164
128 133 54
128 134 297
128 135 241
128 136 269
128 137 213
128 138 292
128 139 133
128 140 227
129 130 261
129 131 99
129 132 267
129 133 213
129 134 280
129 135 28
129 136 48
129 137 292
129 138 297
129 139 232
129 140 125
130 131 161
130 132 52
130 133 23
130 134 231
130 135 292
130 136 151
130 137 51
130 138 208
130 139 289
130 140 101
131 132 216
131 133 91
131 134 133
131 135 68
131 136 55
131 137 286
131 138 14
131 139 267
131 140 294
132 133 182
132 134 14
132 135 262
132 136 116
132 137 100
132 138 223
132 139 89
132 140 126
133 134 180
133 135 207
133 136 260
133 137 107
133 138 225
133 139 245
133 140 254
134 135 149
134 136 190
134 137 253
134 138 271
134 139 16
134 140 53
135 136 94
135 137 219
135 138 199
135 139 172
135 140 187
136 137 25
136 138 90
136 139 233
136 140 203
137 138 57
137 139 180
137 140 124
138 139 62
138 140 116
139 140 233
