130 8385
1 2 191
1 3 148
1 4 61
1 5 74
1 6 109
1 7 291
1 8 28
1 9 247
1 10 223
1 11 17
1 12 44
1 13 31
1 14 113
1 15 200
1 16 230
1 17 128
1 18 221
1 19 186
1 20 93
1 21 171
1 22 291
1 23 40
1 24 128
1 25 117
1 26 140
1 27 146
1 28 116
1 29 288
1 30 164
1 31 170
1 32 43
1 33 280
1 34 11
1 35 33
1 36 203
1 37 80
1 38 53
1 39 284
1 40 183
1 41 190
1 42 267
1 43 283
1 44 151
1 45 51
1 46 238
1 47 173
1 48 20
1 49 75
1 50 45
1 51 271
1 52 53
1 53 271
1 54 103
1 55 229
1 56 38
1 57 20
1 58 155
1 59 44
1 60 38
1 61 190
1 62 255
1 63 246
1 64 10
1 65 73
1 66 243
1 67 127
1 68 199
1 69 207
1 70 114
1 71 223
1 72 23
1 73 83
1 74 83
1 75 275
1 76 151
1 77 200
1 78 161
1 79 228
1 80 261
1 81 279
1 82 101
1 83 141
1 84 199
1 85 117
1 86 106
1 87 211
1 88 142
1 89 246
1 90 54
1 91 132
1 92 37
1 93 37
1 94 135
1 95 242
1 96 282
1 97 234
1 98 245
1 99 48
1 100 269
1 101 291
1 102 129
1 103 208
1 104 68
1 105 244
1 106 65
1 107 242
1 108 86
1 109 10
1 110 141
1 111 51
1 112 85
1 113 269
1 114 39
1 115 136
1 116 295
1 117 24
1 118 281
1 119 183
1 120 291
1 121 20
1 122 124
1 123 28
1 124 249
1 125 266
1 126 232
1 127 99
1 128 236
1 129 190
1 130 202
2 3 175
2 4 102
2 5 257
2 6 250
2 7 56
2 8 169
2 9 24
2 10 101
2 11 220
2 12 142
2 13 111
2 14 131
2 15 20
2 16 199
2 17 105
2 18 292
2 19 153
2 20 10
2 21 273
2 22 249
2 23 122
2 24 288
2 25 245
2 26 115
2 27 293
2 28 39
2 29 98
2 30 50
2 31 79
2 32 174
2 33 96
2 34 186
2 35 109
2 36 140
2 37 57
2 38 223
2 39 75
2 40 69
2 41 47
2 42 248
2 43 132
2 44 255
2 45 162
2 46 117
2 47 162
2 48 254
2 49 60
2 50 154
2 51 223
2 52 229
2 53 212
2 54 132
2 55 219
2 56 248
2 57 242
2 58 262
2 59 98
2 60 23
2 61 120
2 62 220
2 63 294
2 64 10
2 65 287
2 66 255
2 67 219
2 68 177
2 69 267
2 70 284
2 71 269
2 72 67
2 73 289
2 74 181
2 75 295
2 76 171
2 77 82
2 78 211
2 79 80
2 80 34
2 81 74
2 82 164
2 83 23
2 84 45
2 85 93
2 86 195
2 87 198
2 88 46
2 89 89
2 90 261
2 91 167
2 92 212
2 93 91
2 94 296
2 95 202
2 96 143
2 97 16
2 98 13
2 99 59
2 100 66
2 101 209
2 102 111
2 103 24
2 104 25
2 105 158
2 106 51
2 107 198
2 108 128
2 109 95
2 110 128
2 111 167
2 112 81
2 113 173
2 114 186
2 115 91
2 116 185
2 117 171
2 118 172
2 119 82
2 120 162
2 121 19
2 122 46
2 123 33
2 124 296
2 125 45
2 126 26
2 127 77
2 128 246
2 129 157
2 130 94
3 4 200
3 5 199
3 6 26
3 7 293
3 8 59
3 9 102
3 10 71
3 11 188
3 12 162
3 13 160
3 14 198
3 15 120
3 16 173
3 17 97
3 18 36
3 19 260
3 20 45
3 21 125
3 22 36
3 23 59
3 24 50
3 25 38
3 26 41
3 27 31
3 28 111
3 29 60
3 30 132
3 31 63
3 32 201
3 33 166
3 34 111
3 35 149
3 36 28
3 37 241
3 38 290
3 39 221
3 40 221
3 41 271
3 42 60
3 43 222
3 44 69
3 45 69
3 46 298
3 47 165
3 48 38
3 49 159
3 50 169
3 51 238
3 52 220
3 53 271
3 54 142
3 55 153
3 56 197
3 57 206
3 58 244
3 59 65
3 60 74
3 61 286
3 62 200
3 63 150
3 64 118
3 65 106
3 66 213
3 67 161
3 68 22
3 69 204
3 70 61
3 71 138
3 72 269
3 73 126
3 74 212
3 75 284
3 76 169
3 77 207
3 78 31
3 79 48
3 80 72
3 81 189
3 82 80
3 83 81
3 84 126
3 85 81
3 86 38
3 87 107
3 88 274
3 89 172
3 90 106
3 91 87
3 92 280
3 93 251
3 94 75
3 95 109
3 96 272
3 97 32
3 98 95
3 99 37
3 100 258
3 101 251
3 102 218
3 103 155
3 104 73
3 105 217
3 106 187
3 107 222
3 108 228
3 109 185
3 110 287
3 111 170
3 112 190
3 113 232
3 114 126
3 115 45
3 116 96
3 117 279
3 118 236
3 119 203
3 120 156
3 121 94
3 122 27
3 123 208
3 124 31
3 125 128
3 126 85
3 127 289
3 128 144
3 129 180
3 130 24
4 5 61
4 6 86
4 7 256
4 8 260
4 9 174
4 10 207
4 11 287
4 12 114
4 13 272
4 14 90
4 15 16
4 16 17
4 17 262
4 18 253
4 19 237
4 20 20
4 21 143
4 22 101
4 23 139
4 24 65
4 25 221
4 26 100
4 27 234
4 28 288
4 29 242
4 30 121
4 31 214
4 32 151
4 33 89
4 34 292
4 35 240
4 36 140
4 37 152
4 38 248
4 39 30
4 40 200
4 41 127
4 42 261
4 43 291
4 44 84
4 45 149
4 46 292
4 47 299
4 48 241
4 49 246
4 50 108
4 51 216
4 52 139
4 53 116
4 54 269
4 55 69
4 56 91
4 57 222
4 58 22
4 59 64
4 60 102
4 61 23
4 62 224
4 63 109
4 64 231
4 65 252
4 66 242
4 67 181
4 68 89
4 69 287
4 70 109
4 71 254
4 72 96
4 73 167
4 74 154
4 75 212
4 76 211
4 77 222
4 78 52
4 79 121
4 80 38
4 81 89
4 82 39
4 83 106
4 84 145
4 85 207
4 86 56
4 87 295
4 88 225
4 89 88
4 90 149
4 91 261
4 92 219
4 93 166
4 94 270
4 95 253
4 96 36
4 97 104
4 98 227
4 99 17
4 100 199
4 101 22
4 102 137
4 103 135
4 104 104
4 105 24
4 106 256
4 107 244
4 108 45
4 109 16
4 110 26
4 111 16
4 112 101
4 113 269
4 114 42
4 115 97
4 116 74
4 117 271
4 118 265
4 119 111
4 120 235
4 121 179
4 122 41
4 123 181
4 124 83
4 125 50
4 126 40
4 127 128
4 128 257
4 129 278
4 130 217
5 6 60
5 7 107
5 8 21
5 9 32
5 10 189
5 11 157
5 12 292
5 13 277
5 14 10
5 15 53
5 16 99
5 17 255
5 18 209
5 19 29
5 20 228
5 21 142
5 22 188
5 23 44
5 24 44
5 25 253
5 26 108
5 27 227
5 28 217
5 29 183
5 30 85
5 31 169
5 32 240
5 33 204
5 34 248
5 35 231
5 36 194
5 37 266
5 38 42
5 39 147
5 40 65
5 41 248
5 42 108
5 43 33
5 44 257
5 45 73
5 46 236
5 47 267
5 48 236
5 49 248
5 50 196
5 51 11
5 52 234
5 53 91
5 54 34
5 55 164
5 56 285
5 57 51
5 58 143
5 59 44
5 60 153
5 61 252
5 62 226
5 63 49
5 64 132
5 65 141
5 66 91
5 67 208
5 68 215
5 69 196
5 70 261
5 71 252
5 72 184
5 73 24
5 74 159
5 75 29
5 76 42
5 77 230
5 78 43
5 79 147
5 80 24
5 81 125
5 82 213
5 83 128
5 84 224
5 85 51
5 86 118
5 87 135
5 88 124
5 89 49
5 90 132
5 91 83
5 92 249
5 93 78
5 94 200
5 95 179
5 96 220
5 97 133
5 98 92
5 99 161
5 100 278
5 101 169
5 102 48
5 103 286
5 104 267
5 105 135
5 106 192
5 107 243
5 108 252
5 109 148
5 110 170
5 111 159
5 112 48
5 113 62
5 114 16
5 115 148
5 116 224
5 117 137
5 118 105
5 119 254
5 120 153
5 121 226
5 122 31
5 123 269
5 124 16
5 125 118
5 126 247
5 127 154
5 128 191
5 129 239
5 130 91
6 7 231
6 8 221
6 9 110
6 10 241
6 11 291
6 12 209
6 13 203
6 14 130
6 15 298
6 16 272
6 17 95
6 18 80
6 19 211
6 20 286
6 21 103
6 22 296
6 23 12
6 24 74
6 25 272
6 26 258
6 27 284
6 28 18
6 29 16
6 30 187
6 31 238
6 32 29
6 33 73
6 34 70
6 35 163
6 36 44
6 37 244
6 38 81
6 39 291
6 40 282
6 41 153
6 42 273
6 43 155
6 44 249
6 45 186
6 46 110
6 47 269
6 48 141
6 49 236
6 50 24
6 51 108
6 52 141
6 53 203
6 54 183
6 55 237
6 56 246
6 57 56
6 58 90
6 59 147
6 60 249
6 61 199
6 62 74
6 63 83
6 64 111
6 65 143
6 66 74
6 67 183
6 68 26
6 69 232
6 70 50
6 71 174
6 72 164
6 73 205
6 74 220
6 75 174
6 76 284
6 77 122
6 78 122
6 79 166
6 80 80
6 81 260
6 82 13
6 83 282
6 84 278
6 85 73
6 86 220
6 87 286
6 88 280
6 89 45
6 90 102
6 91 143
6 92 249
6 93 244
6 94 37
6 95 267
6 96 192
6 97 42
6 98 297
6 99 46
6 100 129
6 101 267
6 102 248
6 103 256
6 104 297
6 105 228
6 106 138
6 107 82
6 108 250
6 109 95
6 110 98
6 111 182
6 112 58
6 113 130
6 114 231
6 115 29
6 116 157
6 117 289
6 118 298
6 119 261
6 120 170
6 121 120
6 122 211
6 123 48
6 124 81
6 125 93
6 126 99
6 127 277
6 128 105
6 129 254
6 130 71
7 8 166
7 9 181
7 10 196
7 11 139
7 12 102
7 13 224
7 14 253
7 15 43
7 16 88
7 17 123
7 18 24
7 19 251
7 20 49
7 21 286
7 22 118
7 23 156
7 24 223
7 25 47
7 26 164
7 27 288
7 28 287
7 29 10
7 30 204
7 31 166
7 32 103
7 33 173
7 34 210
7 35 26
7 36 24
7 37 122
7 38 244
7 39 167
7 40 115
7 41 125
7 42 221
7 43 151
7 44 155
7 45 26
7 46 123
7 47 218
7 48 227
7 49 274
7 50 58
7 51 96
7 52 180
7 53 177
7 54 289
7 55 18
7 56 190
7 57 265
7 58 218
7 59 95
7 60 23
7 61 171
7 62 204
7 63 212
7 64 201
7 65 236
7 66 112
7 67 280
7 68 176
7 69 294
7 70 67
7 71 189
7 72 218
7 73 252
7 74 95
7 75 210
7 76 68
7 77 189
7 78 50
7 79 152
7 80 242
7 81 283
7 82 204
7 83 160
7 84 35
7 85 266
7 86 121
7 87 259
7 88 130
7 89 241
7 90 184
7 91 237
7 92 89
7 93 148
7 94 255
7 95 11
7 96 80
7 97 274
7 98 79
7 99 12
7 100 211
7 101 130
7 102 179
7 103 188
7 104 221
7 105 278
7 106 292
7 107 166
7 108 149
7 109 241
7 110 158
7 111 256
7 112 42
7 113 234
7 114 26
7 115 239
7 116 150
7 117 168
7 118 10
7 119 53
7 120 48
7 121 193
7 122 109
7 123 164
7 124 155
7 125 215
7 126 108
7 127 290
7 128 28
7 129 134
7 130 112
8 9 199
8 10 34
8 11 271
8 12 101
8 13 186
8 14 58
8 15 299
8 16 74
8 17 131
8 18 80
8 19 100
8 20 218
8 21 225
8 22 185
8 23 97
8 24 294
8 25 87
8 26 174
8 27 118
8 28 237
8 29 238
8 30 162
8 31 235
8 32 172
8 33 249
8 34 218
8 35 78
8 36 289
8 37 201
8 38 101
8 39 163
8 40 247
8 41 140
8 42 160
8 43 53
8 44 182
8 45 94
8 46 142
8 47 173
8 48 246
8 49 182
8 50 194
8 51 188
8 52 58
8 53 133
8 54 30
8 55 81
8 56 28
8 57 203
8 58 261
8 59 220
8 60 43
8 61 121
8 62 17
8 63 96
8 64 55
8 65 155
8 66 124
8 67 152
8 68 142
8 69 249
8 70 226
8 71 185
8 72 259
8 73 245
8 74 137
8 75 38
8 76 207
8 77 121
8 78 187
8 79 30
8 80 77
8 81 171
8 82 103
8 83 160
8 84 136
8 85 264
8 86 279
8 87 201
8 88 44
8 89 142
8 90 123
8 91 56
8 92 78
8 93 37
8 94 274
8 95 119
8 96 171
8 97 259
8 98 56
8 99 110
8 100 108
8 101 21
8 102 109
8 103 161
8 104 119
8 105 242
8 106 20
8 107 208
8 108 129
8 109 172
8 110 62
8 111 217
8 112 135
8 113 198
8 114 267
8 115 247
8 116 203
8 117 263
8 118 226
8 119 115
8 120 179
8 121 157
8 122 229
8 123 84
8 124 32
8 125 61
8 126 100
8 127 99
8 128 187
8 129 237
8 130 72
9 10 166
9 11 182
9 12 231
9 13 21
9 14 51
9 15 58
9 16 45
9 17 266
9 18 84
9 19 236
9 20 70
9 21 200
9 22 127
9 23 195
9 24 18
9 25 101
9 26 53
9 27 16
9 28 142
9 29 189
9 30 247
9 31 12
9 32 32
9 33 124
9 34 41
9 35 50
9 36 57
9 37 183
9 38 87
9 39 263
9 40 183
9 41 70
9 42 225
9 43 222
9 44 115
9 45 251
9 46 163
9 47 106
9 48 236
9 49 85
9 50 28
9 51 265
9 52 242
9 53 98
9 54 135
9 55 107
9 56 19
9 57 221
9 58 126
9 59 54
9 60 121
9 61 154
9 62 112
9 63 242
9 64 214
9 65 265
9 66 81
9 67 87
9 68 30
9 69 82
9 70 74
9 71 90
9 72 79
9 73 198
9 74 76
9 75 282
9 76 49
9 77 132
9 78 166
9 79 24
9 80 271
9 81 163
9 82 192
9 83 22
9 84 186
9 85 113
9 86 212
9 87 251
9 88 268
9 89 92
9 90 156
9 91 112
9 92 212
9 93 235
9 94 133
9 95 196
9 96 48
9 97 42
9 98 169
9 99 154
9 100 222
9 101 185
9 102 178
9 103 55
9 104 196
9 105 38
9 106 40
9 107 137
9 108 250
9 109 208
9 110 80
9 111 62
9 112 101
9 113 236
9 114 72
9 115 176
9 116 108
9 117 49
9 118 202
9 119 42
9 120 80
9 121 221
9 122 208
9 123 109
9 124 299
9 125 192
9 126 42
9 127 208
9 128 155
9 129 198
9 130 181
10 11 284
10 12 60
10 13 82
10 14 33
10 15 99
10 16 161
10 17 234
10 18 97
10 19 166
10 20 261
10 21 254
10 22 149
10 23 169
10 24 82
10 25 252
10 26 200
10 27 229
10 28 83
10 29 183
10 30 98
10 31 198
10 32 202
10 33 72
10 34 75
10 35 152
10 36 164
10 37 121
10 38 139
10 39 220
10 40 48
10 41 125
10 42 174
10 43 101
10 44 155
10 45 254
10 46 233
10 47 121
10 48 125
10 49 245
10 50 257
10 51 11
10 52 11
10 53 281
10 54 185
10 55 230
10 56 215
10 57 187
10 58 181
10 59 145
10 60 181
10 61 119
10 62 242
10 63 276
10 64 154
10 65 74
10 66 167
10 67 290
10 68 36
10 69 23
10 70 49
10 71 274
10 72 20
10 73 14
10 74 19
10 75 10
10 76 110
10 77 144
10 78 137
10 79 201
10 80 56
10 81 14
10 82 139
10 83 108
10 84 181
10 85 212
10 86 36
10 87 100
10 88 180
10 89 74
10 90 180
10 91 204
10 92 114
10 93 124
10 94 213
10 95 32
10 96 145
10 97 168
10 98 288
10 99 256
10 100 85
10 101 193
10 102 30
10 103 263
10 104 257
10 105 65
10 106 124
10 107 266
10 108 160
10 109 79
10 110 232
10 111 182
10 112 168
10 113 256
10 114 29
10 115 234
10 116 82
10 117 199
10 118 76
10 119 94
10 120 289
10 121 83
10 122 270
10 123 285
10 124 28
10 125 214
10 126 80
10 127 24
10 128 188
10 129 67
10 130 237
11 12 212
11 13 281
11 14 252
11 15 148
11 16 244
11 17 248
11 18 256
11 19 298
11 20 227
11 21 26
11 22 148
11 23 239
11 24 147
11 25 191
11 26 62
11 27 149
11 28 129
11 29 80
11 30 121
11 31 25
11 32 79
11 33 243
11 34 272
11 35 78
11 36 132
11 37 267
11 38 45
11 39 288
11 40 265
11 41 125
11 42 139
11 43 16
11 44 37
11 45 51
11 46 125
11 47 245
11 48 102
11 49 243
11 50 223
11 51 18
11 52 112
11 53 275
11 54 285
11 55 203
11 56 79
11 57 127
11 58 46
11 59 289
11 60 63
11 61 209
11 62 257
11 63 256
11 64 287
11 65 151
11 66 145
11 67 152
11 68 152
11 69 171
11 70 264
11 71 99
11 72 173
11 73 115
11 74 71
11 75 127
11 76 30
11 77 251
11 78 268
11 79 110
11 80 272
11 81 60
11 82 202
11 83 248
11 84 135
11 85 226
11 86 244
11 87 242
11 88 48
11 89 53
11 90 232
11 91 133
11 92 136
11 93 39
11 94 200
11 95 241
11 96 299
11 97 19
11 98 210
11 99 93
11 100 49
11 101 189
11 102 179
11 103 48
11 104 39
11 105 261
11 106 61
11 107 38
11 108 137
11 109 128
11 110 224
11 111 204
11 112 177
11 113 299
11 114 65
11 115 68
11 116 149
11 117 210
11 118 45
11 119 236
11 120 240
11 121 189
11 122 23
11 123 158
11 124 38
11 125 152
11 126 112
11 127 237
11 128 226
11 129 296
11 130 44
12 13 146
12 14 215
12 15 62
12 16 100
12 17 162
12 18 43
12 19 42
12 20 29
12 21 98
12 22 57
12 23 297
12 24 71
12 25 88
12 26 231
12 27 238
12 28 84
12 29 190
12 30 180
12 31 66
12 32 139
12 33 78
12 34 53
12 35 30
12 36 258
12 37 294
12 38 10
12 39 85
12 40 65
12 41 56
12 42 272
12 43 16
12 44 109
12 45 35
12 46 91
12 47 249
12 48 33
12 49 260
12 50 298
12 51 131
12 52 105
12 53 30
12 54 10
12 55 285
12 56 284
12 57 11
12 58 59
12 59 66
12 60 160
12 61 296
12 62 218
12 63 281
12 64 53
12 65 53
12 66 292
12 67 154
12 68 115
12 69 28
12 70 38
12 71 218
12 72 283
12 73 292
12 74 295
12 75 221
12 76 38
12 77 132
12 78 80
12 79 209
12 80 15
12 81 29
12 82 76
12 83 148
12 84 11
12 85 156
12 86 48
12 87 147
12 88 284
12 89 170
12 90 274
12 91 110
12 92 172
12 93 60
12 94 255
12 95 230
12 96 137
12 97 259
12 98 153
12 99 58
12 100 69
12 101 238
12 102 187
12 103 85
12 104 138
12 105 98
12 106 89
12 107 223
12 108 167
12 109 37
12 110 258
12 111 127
12 112 151
12 113 203
12 114 293
12 115 165
12 116 146
12 117 186
12 118 246
12 119 64
12 120 236
12 121 139
12 122 205
12 123 141
12 124 99
12 125 223
12 126 143
12 127 256
12 128 248
12 129 187
12 130 24
13 14 52
13 15 254
13 16 297
13 17 255
13 18 140
13 19 165
13 20 26
13 21 182
13 22 239
13 23 33
13 24 253
13 25 208
13 26 245
13 27 97
13 28 74
13 29 187
13 30 292
13 31 216
13 32 161
13 33 81
13 34 48
13 35 202
13 36 290
13 37 206
13 38 282
13 39 142
13 40 274
13 41 147
13 42 176
13 43 178
13 44 81
13 45 288
13 46 200
13 47 82
13 48 24
13 49 255
13 50 44
13 51 194
13 52 197
13 53 64
13 54 267
13 55 235
13 56 267
13 57 31
13 58 190
13 59 199
13 60 237
13 61 152
13 62 72
13 63 181
13 64 203
13 65 135
13 66 46
13 67 61
13 68 144
13 69 262
13 70 145
13 71 163
13 72 214
13 73 272
13 74 274
13 75 40
13 76 235
13 77 225
13 78 88
13 79 35
13 80 191
13 81 224
13 82 279
13 83 83
13 84 219
13 85 179
13 86 37
13 87 286
13 88 238
13 89 125
13 90 121
13 91 265
13 92 151
13 93 23
13 94 299
13 95 45
13 96 59
13 97 182
13 98 149
13 99 128
13 100 181
13 101 19
13 102 240
13 103 70
13 104 235
13 105 50
13 106 217
13 107 40
13 108 183
13 109 152
13 110 194
13 111 117
13 112 107
13 113 143
13 114 20
13 115 181
13 116 294
13 117 135
13 118 69
13 119 214
13 120 71
13 121 148
13 122 153
13 123 259
13 124 154
13 125 291
13 126 126
13 127 114
13 128 209
13 129 158
13 130 96
14 15 49
14 16 157
14 17 199
14 18 272
14 19 84
14 20 50
14 21 152
14 22 97
14 23 240
14 24 16
14 25 183
14 26 122
14 27 141
14 28 240
14 29 237
14 30 237
14 31 26
14 32 150
14 33 196
14 34 112
14 35 121
14 36 199
14 37 27
14 38 253
14 39 235
14 40 12
14 41 258
14 42 15
14 43 196
14 44 132
14 45 221
14 46 93
14 47 190
14 48 146
14 49 86
14 50 185
14 51 62
14 52 153
14 53 258
14 54 266
14 55 228
14 56 243
14 57 93
14 58 21
14 59 224
14 60 229
14 61 178
14 62 293
14 63 149
14 64 79
14 65 64
14 66 15
14 67 193
14 68 290
14 69 138
14 70 290
14 71 77
14 72 233
14 73 264
14 74 193
14 75 202
14 76 52
14 77 254
14 78 79
14 79 92
14 80 252
14 81 148
14 82 271
14 83 132
14 84 24
14 85 260
14 86 116
14 87 293
14 88 138
14 89 107
14 90 42
14 91 223
14 92 19
14 93 56
14 94 250
14 95 162
14 96 152
14 97 63
14 98 243
14 99 276
14 100 204
14 101 123
14 102 10
14 103 47
14 104 200
14 105 97
14 106 80
14 107 29
14 108 171
14 109 169
14 110 151
14 111 214
14 112 74
14 113 91
14 114 52
14 115 168
14 116 67
14 117 49
14 118 288
14 119 103
14 120 191
14 121 140
14 122 83
14 123 87
14 124 27
14 125 131
14 126 178
14 127 121
14 128 259
14 129 217
14 130 77
15 16 140
15 17 85
15 18 234
15 19 254
15 20 158
15 21 183
15 22 58
15 23 252
15 24 220
15 25 43
15 26 162
15 27 85
15 28 205
15 29 43
15 30 58
15 31 252
15 32 114
15 33 239
15 34 143
15 35 237
15 36 125
15 37 232
15 38 110
15 39 120
15 40 202
15 41 281
15 42 242
15 43 249
15 44 208
15 45 258
15 46 257
15 47 250
15 48 270
15 49 100
15 50 222
15 51 261
15 52 94
15 53 224
15 54 248
15 55 217
15 56 206
15 57 225
15 58 220
15 59 147
15 60 130
15 61 170
15 62 230
15 63 178
15 64 96
15 65 105
15 66 176
15 67 133
15 68 158
15 69 113
15 70 246
15 71 130
15 72 212
15 73 272
15 74 143
15 75 94
15 76 209
15 77 248
15 78 12
15 79 12
15 80 82
15 81 245
15 82 229
15 83 222
15 84 147
15 85 126
15 86 145
15 87 102
15 88 39
15 89 117
15 90 196
15 91 280
15 92 17
15 93 296
15 94 233
15 95 193
15 96 222
15 97 10
15 98 253
15 99 92
15 100 181
15 101 264
15 102 245
15 103 290
15 104 33
15 105 257
15 106 114
15 107 224
15 108 271
15 109 61
15 110 220
15 111 281
15 112 276
15 113 247
15 114 292
15 115 246
15 116 154
15 117 219
15 118 227
15 119 105
15 120 113
15 121 225
15 122 176
15 123 267
15 124 275
15 125 233
15 126 189
15 127 54
15 128 129
15 129 100
15 130 53
16 17 202
16 18 88
16 19 25
16 20 243
16 21 225
16 22 210
16 23 206
16 24 33
16 25 279
16 26 290
16 27 254
16 28 40
16 29 95
16 30 252
16 31 182
16 32 115
16 33 179
16 34 229
16 35 167
16 36 42
16 37 203
16 38 255
16 39 46
16 40 173
16 41 263
16 42 246
16 43 121
16 44 68
16 45 139
16 46 135
16 47 216
16 48 37
16 49 29
16 50 85
16 51 166
16 52 132
16 53 89
16 54 101
16 55 139
16 56 258
16 57 89
16 58 285
16 59 149
16 60 283
16 61 250
16 62 93
16 63 31
16 64 56
16 65 157
16 66 199
16 67 48
16 68 138
16 69 288
16 70 46
16 71 20
16 72 17
16 73 275
16 74 190
16 75 131
16 76 50
16 77 154
16 78 115
16 79 138
16 80 191
16 81 195
16 82 22
16 83 203
16 84 208
16 85 79
16 86 259
16 87 298
16 88 113
16 89 216
16 90 248
16 91 19
16 92 293
16 93 175
16 94 231
16 95 272
16 96 67
16 97 39
16 98 102
16 99 264
16 100 138
16 101 233
16 102 69
16 103 225
16 104 203
16 105 256
16 106 297
16 107 37
16 108 14
16 109 74
16 110 83
16 111 17
16 112 19
16 113 52
16 114 78
16 115 41
16 116 61
16 117 127
16 118 109
16 119 156
16 120 231
16 121 249
16 122 241
16 123 192
16 124 250
16 125 227
16 126 262
16 127 122
16 128 256
16 129 136
16 130 205
17 18 11
17 19 40
17 20 115
17 21 202
17 22 154
17 23 213
17 24 271
17 25 139
17 26 47
17 27 174
17 28 205
17 29 100
17 30 21
17 31 181
17 32 251
17 33 155
17 34 100
17 35 257
17 36 101
17 37 297
17 38 159
17 39 273
17 40 282
17 41 243
17 42 288
17 43 265
17 44 75
17 45 56
17 46 260
17 47 99
17 48 296
17 49 77
17 50 230
17 51 228
17 52 111
17 53 91
17 54 74
17 55 64
17 56 259
17 57 107
17 58 199
17 59 141
17 60 24
17 61 155
17 62 50
17 63 179
17 64 193
17 65 42
17 66 55
17 67 224
17 68 81
17 69 135
17 70 288
17 71 244
17 72 95
17 73 207
17 74 218
17 75 270
17 76 152
17 77 244
17 78 137
17 79 284
17 80 57
17 81 163
17 82 272
17 83 77
17 84 240
17 85 104
17 86 275
17 87 188
17 88 280
17 89 205
17 90 230
17 91 39
17 92 210
17 93 126
17 94 291
17 95 48
17 96 105
17 97 23
17 98 87
17 99 292
17 100 128
17 101 215
17 102 23
17 103 203
17 104 148
17 105 47
17 106 187
17 107 249
17 108 62
17 109 26
17 110 122
17 111 173
17 112 47
17 113 185
17 114 244
17 115 185
17 116 110
17 117 91
17 118 114
17 119 288
17 120 127
17 121 204
17 122 222
17 123 184
17 124 262
17 125 234
17 126 151
17 127 129
17 128 103
17 129 64
17 130 167
18 19 40
18 20 234
18 21 151
18 22 294
18 23 295
18 24 28
18 25 176
18 26 168
18 27 10
18 28 235
18 29 105
18 30 273
18 31 212
18 32 218
18 33 245
18 34 265
18 35 293
18 36 291
18 37 173
18 38 74
18 39 49
18 40 192
18 41 26
18 42 287
18 43 113
18 44 181
18 45 24
18 46 91
18 47 289
18 48 95
18 49 94
18 50 55
18 51 170
18 52 254
18 53 52
18 54 235
18 55 240
18 56 133
18 57 46
18 58 211
18 59 51
18 60 34
18 61 292
18 62 199
18 63 236
18 64 28
18 65 112
18 66 174
18 67 110
18 68 126
18 69 225
18 70 202
18 71 97
18 72 78
18 73 103
18 74 206
18 75 289
18 76 188
18 77 233
18 78 280
18 79 107
18 80 163
18 81 281
18 82 120
18 83 184
18 84 12
18 85 17
18 86 177
18 87 299
18 88 234
18 89 203
18 90 246
18 91 33
18 92 132
18 93 298
18 94 227
18 95 132
18 96 143
18 97 29
18 98 224
18 99 180
18 100 290
18 101 263
18 102 52
18 103 232
18 104 287
18 105 103
18 106 285
18 107 151
18 108 22
18 109 104
18 110 180
18 111 296
18 112 252
18 113 244
18 114 151
18 115 52
18 116 14
18 117 251
18 118 282
18 119 120
18 120 253
18 121 149
18 122 88
18 123 71
18 124 49
18 125 76
18 126 286
18 127 80
18 128 13
18 129 122
18 130 219
19 20 282
19 21 169
19 22 18
19 23 160
19 24 82
19 25 158
19 26 123
19 27 274
19 28 82
19 29 195
19 30 165
19 31 80
19 32 241
19 33 198
19 34 67
19 35 117
19 36 135
19 37 93
19 38 175
19 39 121
19 40 52
19 41 264
19 42 278
19 43 62
19 44 167
19 45 211
19 46 147
19 47 205
19 48 191
19 49 213
19 50 34
19 51 79
19 52 260
19 53 228
19 54 163
19 55 85
19 56 217
19 57 87
19 58 264
19 59 84
19 60 247
19 61 202
19 62 286
19 63 183
19 64 291
19 65 73
19 66 90
19 67 260
19 68 82
19 69 233
19 70 17
19 71 44
19 72 218
19 73 231
19 74 16
19 75 238
19 76 223
19 77 25
19 78 197
19 79 154
19 80 80
19 81 254
19 82 98
19 83 124
19 84 128
19 85 265
19 86 192
19 87 237
19 88 193
19 89 64
19 90 189
19 91 203
19 92 265
19 93 202
19 94 226
19 95 142
19 96 15
19 97 10
19 98 226
19 99 45
19 100 148
19 101 83
19 102 72
19 103 237
19 104 31
19 105 65
19 106 200
19 107 86
19 108 232
19 109 288
19 110 287
19 111 226
19 112 89
19 113 136
19 114 22
19 115 229
19 116 117
19 117 30
19 118 176
19 119 63
19 120 93
19 121 209
19 122 155
19 123 167
19 124 282
19 125 79
19 126 136
19 127 24
19 128 276
19 129 52
19 130 284
20 21 208
20 22 232
20 23 103
20 24 155
20 25 220
20 26 128
20 27 126
20 28 182
20 29 36
20 30 69
20 31 219
20 32 279
20 33 258
20 34 60
20 35 178
20 36 130
20 37 184
20 38 126
20 39 125
20 40 105
20 41 251
20 42 123
20 43 173
20 44 56
20 45 175
20 46 181
20 47 180
20 48 162
20 49 89
20 50 80
20 51 286
20 52 122
20 53 94
20 54 178
20 55 254
20 56 21
20 57 287
20 58 28
20 59 21
20 60 27
20 61 232
20 62 44
20 63 59
20 64 234
20 65 29
20 66 110
20 67 262
20 68 113
20 69 167
20 70 193
20 71 259
20 72 124
20 73 194
20 74 88
20 75 283
20 76 177
20 77 98
20 78 50
20 79 83
20 80 270
20 81 195
20 82 295
20 83 49
20 84 80
20 85 78
20 86 206
20 87 246
20 88 272
20 89 262
20 90 68
20 91 210
20 92 50
20 93 277
20 94 72
20 95 52
20 96 165
20 97 65
20 98 170
20 99 237
20 100 207
20 101 18
20 102 19
20 103 129
20 104 256
20 105 270
20 106 110
20 107 201
20 108 178
20 109 33
20 110 38
20 111 144
20 112 115
20 113 272
20 114 177
20 115 295
20 116 249
20 117 81
20 118 168
20 119 19
20 120 105
20 121 237
20 122 182
20 123 169
20 124 152
20 125 101
20 126 38
20 127 117
20 128 128
20 129 35
20 130 280
21 22 109
21 23 189
21 24 38
21 25 66
21 26 17
21 27 239
21 28 189
21 29 168
21 30 100
21 31 243
21 32 41
21 33 213
21 34 173
21 35 139
21 36 174
21 37 53
21 38 51
21 39 180
21 40 17
21 41 257
21 42 142
21 43 236
21 44 173
21 45 64
21 46 180
21 47 200
21 48 121
21 49 27
21 50 53
21 51 276
21 52 246
21 53 177
21 54 125
21 55 75
21 56 67
21 57 202
21 58 240
21 59 27
21 60 120
21 61 51
21 62 123
21 63 46
21 64 28
21 65 125
21 66 275
21 67 253
21 68 129
21 69 238
21 70 106
21 71 70
21 72 73
21 73 279
21 74 192
21 75 209
21 76 192
21 77 144
21 78 228
21 79 249
21 80 26
21 81 222
21 82 118
21 83 218
21 84 146
21 85 212
21 86 215
21 87 252
21 88 213
21 89 274
21 90 208
21 91 160
21 92 204
21 93 254
21 94 175
21 95 171
21 96 12
21 97 164
21 98 210
21 99 82
21 100 254
21 101 149
21 102 170
21 103 113
21 104 156
21 105 191
21 106 24
21 107 99
21 108 225
21 109 49
21 110 126
21 111 254
21 112 73
21 113 127
21 114 189
21 115 197
21 116 97
21 117 26
21 118 271
21 119 17
21 120 240
21 121 92
21 122 225
21 123 192
21 124 167
21 125 138
21 126 216
21 127 175
21 128 169
21 129 56
21 130 109
22 23 158
22 24 263
22 25 38
22 26 181
22 27 61
22 28 211
22 29 21
22 30 196
22 31 185
22 32 242
22 33 292
22 34 34
22 35 203
22 36 255
22 37 143
22 38 168
22 39 28
22 40 208
22 41 299
22 42 29
22 43 229
22 44 207
22 45 155
22 46 102
22 47 13
22 48 210
22 49 17
22 50 273
22 51 297
22 52 245
22 53 192
22 54 149
22 55 246
22 56 100
22 57 297
22 58 177
22 59 174
22 60 166
22 61 146
22 62 94
22 63 36
22 64 246
22 65 38
22 66 198
22 67 105
22 68 297
22 69 283
22 70 153
22 71 141
22 72 238
22 73 43
22 74 223
22 75 189
22 76 21
22 77 29
22 78 135
22 79 43
22 80 21
22 81 152
22 82 198
22 83 13
22 84 80
22 85 100
22 86 190
22 87 205
22 88 69
22 89 120
22 90 101
22 91 20
22 92 47
22 93 28
22 94 156
22 95 83
22 96 260
22 97 110
22 98 217
22 99 35
22 100 63
22 101 102
22 102 255
22 103 282
22 104 278
22 105 25
22 106 24
22 107 180
22 108 159
22 109 169
22 110 270
22 111 112
22 112 241
22 113 74
22 114 283
22 115 279
22 116 90
22 117 176
22 118 185
22 119 116
22 120 91
22 121 32
22 122 225
22 123 19
22 124 78
22 125 250
22 126 47
22 127 48
22 128 203
22 129 196
22 130 70
23 24 177
23 25 265
23 26 127
23 27 246
23 28 149
23 29 122
23 30 111
23 31 78
23 32 79
23 33 55
23 34 71
23 35 279
23 36 212
23 37 47
23 38 118
23 39 89
23 40 196
23 41 159
23 42 233
23 43 254
23 44 265
23 45 166
23 46 65
23 47 226
23 48 15
23 49 175
23 50 100
23 51 26
23 52 143
23 53 52
23 54 149
23 55 109
23 56 194
23 57 148
23 58 106
23 59 51
23 60 224
23 61 51
23 62 111
23 63 132
23 64 23
23 65 114
23 66 242
23 67 145
23 68 264
23 69 198
23 70 242
23 71 45
23 72 150
23 73 288
23 74 10
23 75 261
23 76 71
23 77 218
23 78 103
23 79 18
23 80 55
23 81 167
23 82 78
23 83 170
23 84 80
23 85 234
23 86 296
23 87 66
23 88 278
23 89 197
23 90 171
23 91 297
23 92 108
23 93 199
23 94 68
23 95 101
23 96 145
23 97 259
23 98 128
23 99 76
23 100 164
23 101 17
23 102 272
23 103 11
23 104 293
23 105 241
23 106 122
23 107 50
23 108 155
23 109 115
23 110 271
23 111 285
23 112 291
23 113 103
23 114 251
23 115 284
23 116 207
23 117 215
23 118 44
23 119 210
23 120 254
23 121 169
23 122 155
23 123 195
23 124 25
23 125 150
23 126 205
23 127 57
23 128 139
23 129 126
23 130 91
24 25 269
24 26 238
24 27 258
24 28 199
24 29 36
24 30 290
24 31 271
24 32 126
24 33 279
24 34 208
24 35 138
24 36 37
24 37 160
24 38 76
24 39 90
24 40 266
24 41 131
24 42 48
24 43 214
24 44 11
24 45 252
24 46 277
24 47 160
24 48 296
24 49 49
24 50 13
24 51 48
24 52 82
24 53 186
24 54 200
24 55 165
24 56 196
24 57 115
24 58 230
24 59 25
24 60 290
24 61 265
24 62 71
24 63 142
24 64 56
24 65 151
24 66 28
24 67 238
24 68 253
24 69 137
24 70 195
24 71 198
24 72 259
24 73 285
24 74 259
24 75 285
24 76 260
24 77 284
24 78 156
24 79 232
24 80 190
24 81 51
24 82 178
24 83 86
24 84 88
24 85 25
24 86 13
24 87 130
24 88 198
24 89 257
24 90 179
24 91 197
24 92 262
24 93 30
24 94 218
24 95 184
24 96 182
24 97 129
24 98 227
24 99 46
24 100 298
24 101 153
24 102 274
24 103 51
24 104 97
24 105 206
24 106 188
24 107 212
24 108 34
24 109 12
24 110 23
24 111 61
24 112 200
24 113 204
24 114 10
24 115 107
24 116 56
24 117 23
24 118 113
24 119 27
24 120 79
24 121 123
24 122 178
24 123 47
24 124 191
24 125 74
24 126 200
24 127 53
24 128 41
24 129 186
24 130 268
25 26 202
25 27 140
25 28 50
25 29 246
25 30 277
25 31 206
25 32 120
25 33 21
25 34 231
25 35 222
25 36 145
25 37 291
25 38 142
25 39 119
25 40 57
25 41 176
25 42 234
25 43 67
25 44 67
25 45 71
25 46 213
25 47 188
25 48 123
25 49 86
25 50 163
25 51 211
25 52 86
25 53 274
25 54 70
25 55 261
25 56 76
25 57 55
25 58 248
25 59 195
25 60 290
25 61 146
25 62 168
25 63 181
25 64 176
25 65 37
25 66 17
25 67 231
25 68 69
25 69 271
25 70 195
25 71 121
25 72 151
25 73 63
25 74 88
25 75 177
25 76 211
25 77 125
25 78 47
25 79 101
25 80 25
25 81 93
25 82 114
25 83 142
25 84 45
25 85 126
25 86 84
25 87 74
25 88 251
25 89 200
25 90 64
25 91 165
25 92 54
25 93 78
25 94 210
25 95 28
25 96 258
25 97 263
25 98 69
25 99 293
25 100 270
25 101 94
25 102 234
25 103 50
25 104 265
25 105 257
25 106 26
25 107 228
25 108 157
25 109 196
25 110 237
25 111 239
25 112 272
25 113 119
25 114 181
25 115 136
25 116 209
25 117 161
25 118 201
25 119 146
25 120 232
25 121 280
25 122 298
25 123 66
25 124 235
25 125 212
25 126 264
25 127 185
25 128 158
25 129 233
25 130 116
26 27 155
26 28 128
26 29 32
26 30 116
26 31 204
26 32 291
26 33 42
26 34 12
26 35 83
26 36 280
26 37 96
26 38 269
26 39 103
26 40 68
26 41 49
26 42 52
26 43 188
26 44 188
26 45 233
26 46 273
26 47 41
26 48 237
26 49 259
26 50 124
26 51 96
26 52 82
26 53 288
26 54 93
26 55 232
26 56 39
26 57 297
26 58 162
26 59 16
26 60 85
26 61 234
26 62 82
26 63 24
26 64 40
26 65 38
26 66 60
26 67 129
26 68 131
26 69 133
26 70 118
26 71 124
26 72 273
26 73 120
26 74 199
26 75 204
26 76 100
26 77 190
26 78 150
26 79 267
26 80 17
26 81 164
26 82 81
26 83 207
26 84 51
26 85 90
26 86 222
26 87 266
26 88 270
26 89 211
26 90 10
26 91 81
26 92 170
26 93 213
26 94 242
26 95 88
26 96 155
26 97 244
26 98 64
26 99 286
26 100 254
26 101 85
26 102 43
26 103 73
26 104 236
26 105 15
26 106 30
26 107 284
26 108 43
26 109 295
26 110 36
26 111 20
26 112 231
26 113 255
26 114 114
26 115 156
26 116 77
26 117 98
26 118 36
26 119 291
26 120 105
26 121 32
26 122 134
26 123 49
26 124 114
26 125 64
26 126 30
26 127 113
26 128 67
26 129 52
26 130 114
27 28 60
27 29 38
27 30 224
27 31 293
27 32 188
27 33 73
27 34 270
27 35 270
27 36 264
27 37 222
27 38 117
27 39 146
27 40 44
27 41 15
27 42 289
27 43 236
27 44 66
27 45 276
27 46 233
27 47 231
27 48 102
27 49 91
27 50 111
27 51 269
27 52 87
27 53 48
27 54 87
27 55 31
27 56 232
27 57 63
27 58 161
27 59 258
27 60 63
27 61 87
27 62 272
27 63 171
27 64 53
27 65 114
27 66 34
27 67 51
27 68 129
27 69 123
27 70 168
27 71 130
27 72 214
27 73 207
27 74 293
27 75 277
27 76 129
27 77 61
27 78 31
27 79 219
27 80 107
27 81 103
27 82 107
27 83 47
27 84 292
27 85 51
27 86 189
27 87 55
27 88 76
27 89 86
27 90 114
27 91 86
27 92 17
27 93 273
27 94 204
27 95 140
27 96 124
27 97 60
27 98 253
27 99 297
27 100 258
27 101 265
27 102 163
27 103 153
27 104 75
27 105 51
27 106 126
27 107 299
27 108 263
27 109 76
27 110 209
27 111 47
27 112 25
27 113 238
27 114 80
27 115 281
27 116 209
27 117 133
27 118 230
27 119 31
27 120 203
27 121 162
27 122 43
27 123 47
27 124 13
27 125 239
27 126 195
27 127 50
27 128 296
27 129 43
27 130 88
28 29 55
28 30 221
28 31 126
28 32 196
28 33 37
28 34 32
28 35 222
28 36 112
28 37 157
28 38 32
28 39 89
28 40 53
28 41 155
28 42 121
28 43 72
28 44 163
28 45 180
28 46 72
28 47 110
28 48 238
28 49 207
28 50 252
28 51 182
28 52 36
28 53 88
28 54 185
28 55 202
28 56 51
28 57 19
28 58 78
28 59 201
28 60 152
28 61 295
28 62 271
28 63 297
28 64 188
28 65 117
28 66 219
28 67 269
28 68 79
28 69 159
28 70 67
28 71 276
28 72 254
28 73 79
28 74 166
28 75 56
28 76 217
28 77 104
28 78 259
28 79 265
28 80 208
28 81 55
28 82 297
28 83 18
28 84 32
28 85 12
28 86 233
28 87 78
28 88 116
28 89 169
28 90 39
28 91 86
28 92 182
28 93 116
28 94 231
28 95 199
28 96 27
28 97 172
28 98 292
28 99 214
28 100 136
28 101 287
28 102 221
28 103 252
28 104 67
28 105 97
28 106 295
28 107 159
28 108 231
28 109 153
28 110 145
28 111 239
28 112 112
28 113 226
28 114 39
28 115 18
28 116 44
28 117 19
28 118 44
28 119 201
28 120 256
28 121 64
28 122 202
28 123 46
28 124 65
28 125 34
28 126 283
28 127 68
28 128 52
28 129 100
28 130 141
29 30 40
29 31 135
29 32 36
29 33 28
29 34 269
29 35 110
29 36 289
29 37 211
29 38 126
29 39 267
29 40 285
29 41 173
29 42 73
29 43 57
29 44 221
29 45 238
29 46 257
29 47 89
29 48 272
29 49 44
29 50 43
29 51 215
29 52 39
29 53 277
29 54 63
29 55 105
29 56 29
29 57 55
29 58 96
29 59 232
29 60 38
29 61 282
29 62 203
29 63 79
29 64 198
29 65 77
29 66 63
29 67 159
29 68 85
29 69 113
29 70 34
29 71 95
29 72 262
29 73 37
29 74 44
29 75 113
29 76 141
29 77 209
29 78 207
29 79 163
29 80 292
29 81 251
29 82 293
29 83 87
29 84 282
29 85 17
29 86 92
29 87 238
29 88 171
29 89 132
29 90 146
29 91 238
29 92 188
29 93 76
29 94 53
29 95 95
29 96 292
29 97 21
29 98 207
29 99 37
29 100 116
29 101 136
29 102 38
29 103 188
29 104 95
29 105 121
29 106 153
29 107 102
29 108 287
29 109 59
29 110 219
29 111 66
29 112 69
29 113 124
29 114 128
29 115 63
29 116 172
29 117 296
29 118 102
29 119 284
29 120 209
29 121 176
29 122 245
29 123 164
29 124 120
29 125 76
29 126 170
29 127 233
29 128 139
29 129 56
29 130 70
30 31 276
30 32 247
30 33 149
30 34 276
30 35 161
30 36 240
30 37 178
30 38 11
30 39 77
30 40 130
30 41 198
30 42 229
30 43 107
30 44 164
30 45 18
30 46 218
30 47 24
30 48 44
30 49 254
30 50 286
30 51 117
30 52 224
30 53 210
30 54 218
30 55 69
30 56 111
30 57 258
30 58 83
30 59 114
30 60 213
30 61 127
30 62 226
30 63 115
30 64 93
30 65 87
30 66 134
30 67 246
30 68 199
30 69 240
30 70 207
30 71 78
30 72 222
30 73 138
30 74 231
30 75 173
30 76 182
30 77 250
30 78 27
30 79 83
30 80 76
30 81 292
30 82 12
30 83 61
30 84 120
30 85 285
30 86 186
30 87 87
30 88 208
30 89 141
30 90 106
30 91 91
30 92 98
30 93 168
30 94 266
30 95 102
30 96 29
30 97 92
30 98 13
30 99 278
30 100 28
30 101 105
30 102 243
30 103 94
30 104 25
30 105 258
30 106 126
30 107 65
30 108 167
30 109 177
30 110 290
30 111 241
30 112 287
30 113 254
30 114 265
30 115 220
30 116 266
30 117 241
30 118 247
30 119 70
30 120 40
30 121 298
30 122 14
30 123 16
30 124 111
30 125 161
30 126 33
30 127 115
30 128 210
30 129 77
30 130 258
31 32 206
31 33 52
31 34 71
31 35 195
31 36 34
31 37 21
31 38 85
31 39 72
31 40 200
31 41 211
31 42 10
31 43 46
31 44 292
31 45 84
31 46 15
31 47 138
31 48 143
31 49 222
31 50 125
31 51 215
31 52 198
31 53 109
31 54 184
31 55 244
31 56 45
31 57 194
31 58 16
31 59 91
31 60 51
31 61 66
31 62 214
31 63 296
31 64 15
31 65 126
31 66 284
31 67 159
31 68 216
31 69 232
31 70 177
31 71 229
31 72 184
31 73 125
31 74 270
31 75 281
31 76 200
31 77 222
31 78 294
31 79 127
31 80 289
31 81 244
31 82 19
31 83 115
31 84 235
31 85 173
31 86 209
31 87 127
31 88 54
31 89 18
31 90 48
31 91 148
31 92 26
31 93 123
31 94 104
31 95 153
31 96 199
31 97 120
31 98 99
31 99 89
31 100 194
31 101 119
31 102 215
31 103 268
31 104 262
31 105 282
31 106 90
31 107 71
31 108 15
31 109 90
31 110 241
31 111 177
31 112 253
31 113 182
31 114 207
31 115 234
31 116 53
31 117 297
31 118 39
31 119 218
31 120 61
31 121 186
31 122 195
31 123 274
31 124 240
31 125 134
31 126 108
31 127 134
31 128 170
31 129 139
31 130 146
32 33 67
32 34 40
32 35 272
32 36 70
32 37 216
32 38 159
32 39 74
32 40 87
32 41 235
32 42 298
32 43 29
32 44 151
32 45 198
32 46 281
32 47 19
32 48 272
32 49 122
32 50 298
32 51 120
32 52 143
32 53 22
32 54 124
32 55 44
32 56 223
32 57 156
32 58 284
32 59 52
32 60 250
32 61 184
32 62 37
32 63 203
32 64 152
32 65 270
32 66 146
32 67 39
32 68 165
32 69 38
32 70 285
32 71 179
32 72 39
32 73 111
32 74 174
32 75 266
32 76 269
32 77 122
32 78 123
32 79 133
32 80 280
32 81 134
32 82 11
32 83 31
32 84 261
32 85 211
32 86 133
32 87 295
32 88 277
32 89 253
32 90 290
32 91 235
32 92 44
32 93 16
32 94 296
32 95 139
32 96 178
32 97 16
32 98 88
32 99 254
32 100 202
32 101 291
32 102 198
32 103 179
32 104 278
32 105 228
32 106 200
32 107 229
32 108 23
32 109 281
32 110 91
32 111 226
32 112 36
32 113 104
32 114 85
32 115 211
32 116 93
32 117 273
32 118 176
32 119 115
32 120 85
32 121 10
32 122 42
32 123 214
32 124 251
32 125 294
32 126 138
32 127 29
32 128 223
32 129 295
32 130 244
33 34 201
33 35 224
33 36 117
33 37 246
33 38 149
33 39 203
33 40 80
33 41 101
33 42 291
33 43 75
33 44 154
33 45 134
33 46 249
33 47 174
33 48 298
33 49 260
33 50 263
33 51 201
33 52 71
33 53 159
33 54 148
33 55 296
33 56 97
33 57 265
33 58 127
33 59 41
33 60 269
33 61 233
33 62 76
33 63 25
33 64 156
33 65 91
33 66 253
33 67 74
33 68 206
33 69 219
33 70 136
33 71 282
33 72 85
33 73 142
33 74 232
33 75 10
33 76 98
33 77 142
33 78 109
33 79 243
33 80 262
33 81 37
33 82 118
33 83 263
33 84 163
33 85 34
33 86 284
33 87 120
33 88 276
33 89 134
33 90 221
33 91 274
33 92 22
33 93 234
33 94 102
33 95 50
33 96 238
33 97 51
33 98 57
33 99 51
33 100 138
33 101 267
33 102 94
33 103 143
33 104 198
33 105 259
33 106 92
33 107 264
33 108 67
33 109 248
33 110 30
33 111 32
33 112 216
33 113 220
33 114 73
33 115 228
33 116 49
33 117 110
33 118 262
33 119 97
33 120 291
33 121 102
33 122 147
33 123 221
33 124 67
33 125 143
33 126 59
33 127 75
33 128 217
33 129 183
33 130 191
34 35 43
34 36 158
34 37 170
34 38 46
34 39 121
34 40 163
34 41 99
34 42 88
34 43 231
34 44 190
34 45 200
34 46 207
34 47 174
34 48 184
34 49 237
34 50 49
34 51 186
34 52 76
34 53 26
34 54 40
34 55 95
34 56 167
34 57 189
34 58 196
34 59 57
34 60 235
34 61 232
34 62 286
34 63 43
34 64 139
34 65 12
34 66 270
34 67 232
34 68 286
34 69 66
34 70 276
34 71 21
34 72 84
34 73 34
34 74 257
34 75 71
34 76 114
34 77 217
34 78 166
34 79 184
34 80 72
34 81 26
34 82 188
34 83 298
34 84 27
34 85 72
34 86 225
34 87 190
34 88 105
34 89 46
34 90 40
34 91 28
34 92 278
34 93 125
34 94 15
34 95 169
34 96 148
34 97 113
34 98 98
34 99 212
34 100 194
34 101 279
34 102 82
34 103 45
34 104 31
34 105 90
34 106 69
34 107 227
34 108 181
34 109 135
34 110 98
34 111 187
34 112 286
34 113 157
34 114 258
34 115 151
34 116 73
34 117 233
34 118 130
34 119 130
34 120 83
34 121 290
34 122 184
34 123 12
34 124 161
34 125 77
34 126 283
34 127 186
34 128 105
34 129 175
34 130 110
35 36 294
35 37 58
35 38 115
35 39 269
35 40 102
35 41 216
35 42 91
35 43 168
35 44 252
35 45 116
35 46 226
35 47 172
35 48 145
35 49 183
35 50 253
35 51 134
35 52 13
35 53 158
35 54 132
35 55 38
35 56 180
35 57 17
35 58 210
35 59 196
35 60 139
35 61 186
35 62 138
35 63 208
35 64 240
35 65 14
35 66 117
35 67 73
35 68 216
35 69 149
35 70 72
35 71 188
35 72 151
35 73 243
35 74 242
35 75 223
35 76 75
35 77 267
35 78 73
35 79 69
35 80 124
35 81 253
35 82 92
35 83 107
35 84 140
35 85 107
35 86 292
35 87 187
35 88 102
35 89 224
35 90 186
35 91 228
35 92 205
35 93 119
35 94 256
35 95 38
35 96 297
35 97 28
35 98 168
35 99 102
35 100 132
35 101 138
35 102 177
35 103 162
35 104 275
35 105 267
35 106 226
35 107 180
35 108 130
35 109 21
35 110 199
35 111 170
35 112 231
35 113 23
35 114 130
35 115 192
35 116 199
35 117 164
35 118 116
35 119 171
35 120 218
35 121 285
35 122 168
35 123 179
35 124 137
35 125 202
35 126 199
35 127 287
35 128 243
35 129 272
35 130 136
36 37 181
36 38 283
36 39 16
36 40 56
36 41 20
36 42 209
36 43 74
36 44 106
36 45 142
36 46 258
36 47 27
36 48 235
36 49 106
36 50 173
36 51 193
36 52 95
36 53 14
36 54 274
36 55 266
36 56 12
36 57 33
36 58 289
36 59 109
36 60 135
36 61 79
36 62 58
36 63 134
36 64 298
36 65 137
36 66 31
36 67 62
36 68 163
36 69 102
36 70 268
36 71 93
36 72 88
36 73 83
36 74 34
36 75 268
36 76 136
36 77 29
36 78 269
36 79 264
36 80 159
36 81 219
36 82 218
36 83 245
36 84 114
36 85 76
36 86 280
36 87 273
36 88 57
36 89 261
36 90 83
36 91 239
36 92 174
36 93 18
36 94 280
36 95 239
36 96 162
36 97 186
36 98 193
36 99 24
36 100 14
36 101 225
36 102 181
36 103 233
36 104 279
36 105 225
36 106 156
36 107 205
36 108 249
36 109 129
36 110 155
36 111 224
36 112 299
36 113 71
36 114 256
36 115 228
36 116 239
36 117 21
36 118 264
36 119 143
36 120 248
36 121 212
36 122 92
36 123 27
36 124 110
36 125 270
36 126 190
36 127 151
36 128 263
36 129 242
36 130 274
37 38 124
37 39 224
37 40 155
37 41 112
37 42 32
37 43 256
37 44 109
37 45 142
37 46 291
37 47 228
37 48 255
37 49 264
37 50 31
37 51 177
37 52 41
37 53 213
37 54 290
37 55 132
37 56 55
37 57 14
37 58 251
37 59 285
37 60 210
37 61 146
37 62 24
37 63 261
37 64 148
37 65 81
37 66 26
37 67 138
37 68 233
37 69 237
37 70 270
37 71 203
37 72 217
37 73 184
37 74 148
37 75 248
37 76 209
37 77 34
37 78 175
37 79 159
37 80 135
37 81 49
37 82 180
37 83 269
37 84 196
37 85 298
37 86 201
37 87 154
37 88 263
37 89 199
37 90 58
37 91 229
37 92 252
37 93 78
37 94 295
37 95 211
37 96 279
37 97 199
37 98 256
37 99 195
37 100 157
37 101 48
37 102 92
37 103 116
37 104 257
37 105 88
37 106 231
37 107 115
37 108 73
37 109 278
37 110 221
37 111 198
37 112 123
37 113 122
37 114 201
37 115 221
37 116 35
37 117 106
37 118 44
37 119 284
37 120 195
37 121 238
37 122 212
37 123 192
37 124 195
37 125 214
37 126 290
37 127 212
37 128 211
37 129 296
37 130 242
38 39 262
38 40 42
38 41 191
38 42 147
38 43 295
38 44 48
38 45 136
38 46 164
38 47 299
38 48 126
38 49 257
38 50 16
38 51 50
38 52 149
38 53 132
38 54 104
38 55 170
38 56 196
38 57 218
38 58 292
38 59 226
38 60 128
38 61 51
38 62 51
38 63 86
38 64 112
38 65 89
38 66 183
38 67 218
38 68 286
38 69 55
38 70 25
38 71 157
38 72 213
38 73 124
38 74 254
38 75 94
38 76 239
38 77 152
38 78 12
38 79 90
38 80 285
38 81 65
38 82 160
38 83 91
38 84 281
38 85 62
38 86 135
38 87 276
38 88 56
38 89 203
38 90 159
38 91 237
38 92 206
38 93 77
38 94 100
38 95 54
38 96 139
38 97 45
38 98 124
38 99 105
38 100 171
38 101 275
38 102 235
38 103 21
38 104 260
38 105 103
38 106 294
38 107 171
38 108 54
38 109 13
38 110 274
38 111 294
38 112 141
38 113 190
38 114 232
38 115 197
38 116 15
38 117 149
38 118 244
38 119 32
38 120 183
38 121 281
38 122 93
38 123 109
38 124 232
38 125 264
38 126 294
38 127 92
38 128 289
38 129 271
38 130 165
39 40 94
39 41 243
39 42 168
39 43 137
39 44 182
39 45 67
39 46 192
39 47 197
39 48 51
39 49 51
39 50 97
39 51 95
39 52 231
39 53 165
39 54 66
39 55 61
39 56 269
39 57 80
39 58 267
39 59 298
39 60 227
39 61 26
39 62 13
39 63 94
39 64 34
39 65 200
39 66 35
39 67 152
39 68 196
39 69 290
39 70 54
39 71 152
39 72 17
39 73 252
39 74 87
39 75 251
39 76 64
39 77 152
39 78 236
39 79 43
39 80 268
39 81 87
39 82 14
39 83 110
39 84 83
39 85 191
39 86 99
39 87 90
39 88 233
39 89 144
39 90 184
39 91 154
39 92 241
39 93 85
39 94 204
39 95 173
39 96 116
39 97 95
39 98 245
39 99 109
39 100 208
39 101 255
39 102 176
39 103 120
39 104 123
39 105 229
39 106 209
39 107 78
39 108 41
39 109 144
39 110 241
39 111 112
39 112 97
39 113 210
39 114 202
39 115 214
39 116 168
39 117 157
39 118 224
39 119 13
39 120 219
39 121 14
39 122 175
39 123 280
39 124 217
39 125 158
39 126 152
39 127 151
39 128 26
39 129 290
39 130 294
40 41 55
40 42 227
40 43 21
40 44 82
40 45 140
40 46 184
40 47 117
40 48 237
40 49 186
40 50 91
40 51 88
40 52 56
40 53 16
40 54 205
40 55 93
40 56 236
40 57 84
40 58 181
40 59 180
40 60 243
40 61 37
40 62 205
40 63 293
40 64 253
40 65 234
40 66 232
40 67 257
40 68 133
40 69 245
40 70 192
40 71 219
40 72 237
40 73 263
40 74 28
40 75 159
40 76 140
40 77 55
40 78 61
40 79 114
40 80 105
40 81 244
40 82 116
40 83 244
40 84 299
40 85 185
40 86 171
40 87 57
40 88 289
40 89 72
40 90 278
40 91 99
40 92 178
40 93 187
40 94 154
40 95 77
40 96 130
40 97 19
40 98 283
40 99 114
40 100 16
40 101 214
40 102 222
40 103 90
40 104 216
40 105 160
40 106 170
40 107 88
40 108 231
40 109 294
40 110 224
40 111 143
40 112 72
40 113 271
40 114 202
40 115 283
40 116 210
40 117 15
40 118 24
40 119 230
40 120 88
40 121 99
40 122 286
40 123 119
40 124 178
40 125 298
40 126 54
40 127 176
40 128 176
40 129 95
40 130 143
41 42 101
41 43 282
41 44 46
41 45 133
41 46 218
41 47 112
41 48 263
41 49 96
41 50 71
41 51 136
41 52 204
41 53 98
41 54 38
41 55 247
41 56 54
41 57 21
41 58 150
41 59 55
41 60 231
41 61 285
41 62 234
41 63 258
41 64 143
41 65 76
41 66 10
41 67 155
41 68 265
41 69 98
41 70 210
41 71 276
41 72 114
41 73 108
41 74 58
41 75 157
41 76 153
41 77 30
41 78 93
41 79 197
41 80 61
41 81 72
41 82 219
41 83 237
41 84 223
41 85 272
41 86 11
41 87 125
41 88 231
41 89 177
41 90 183
41 91 218
41 92 173
41 93 203
41 94 221
41 95 145
41 96 243
41 97 107
41 98 298
41 99 137
41 100 109
41 101 73
41 102 149
41 103 288
41 104 236
41 105 165
41 106 229
41 107 175
41 108 218
41 109 186
41 110 65
41 111 68
41 112 178
41 113 43
41 114 203
41 115 258
41 116 286
41 117 117
41 118 291
41 119 242
41 120 244
41 121 211
41 122 281
41 123 111
41 124 299
41 125 18
41 126 146
41 127 194
41 128 289
41 129 236
41 130 63
42 43 152
42 44 69
42 45 129
42 46 222
42 47 135
42 48 244
42 49 204
42 50 225
42 51 234
42 52 221
42 53 173
42 54 208
42 55 141
42 56 56
42 57 193
42 58 54
42 59 34
42 60 23
42 61 156
42 62 148
42 63 140
42 64 212
42 65 65
42 66 100
42 67 66
42 68 166
42 69 179
42 70 279
42 71 293
42 72 172
42 73 122
42 74 189
42 75 177
42 76 83
42 77 221
42 78 58
42 79 197
42 80 89
42 81 95
42 82 147
42 83 83
42 84 146
42 85 261
42 86 43
42 87 26
42 88 262
42 89 18
42 90 200
42 91 259
42 92 25
42 93 274
42 94 198
42 95 140
42 96 246
42 97 102
42 98 146
42 99 33
42 100 101
42 101 57
42 102 43
42 103 38
42 104 82
42 105 35
42 106 234
42 107 80
42 108 13
42 109 38
42 110 220
42 111 289
42 112 101
42 113 291
42 114 227
42 115 223
42 116 230
42 117 182
42 118 228
42 119 200
42 120 294
42 121 248
42 122 161
42 123 251
42 124 220
42 125 10
42 126 254
42 127 278
42 128 88
42 129 76
42 130 179
43 44 76
43 45 26
43 46 219
43 47 201
43 48 133
43 49 87
43 50 164
43 51 153
43 52 275
43 53 34
43 54 117
43 55 47
43 56 80
43 57 204
43 58 95
43 59 170
43 60 212
43 61 136
43 62 188
43 63 294
43 64 125
43 65 52
43 66 219
43 67 137
43 68 83
43 69 78
43 70 170
43 71 250
43 72 24
43 73 108
43 74 271
43 75 114
43 76 76
43 77 252
43 78 262
43 79 179
43 80 112
43 81 135
43 82 166
43 83 176
43 84 79
43 85 128
43 86 118
43 87 103
43 88 233
43 89 65
43 90 276
43 91 17
43 92 214
43 93 41
43 94 177
43 95 56
43 96 73
43 97 46
43 98 185
43 99 64
43 100 96
43 101 274
43 102 273
43 103 258
43 104 229
43 105 74
43 106 86
43 107 112
43 108 52
43 109 223
43 110 199
43 111 253
43 112 121
43 113 47
43 114 40
43 115 172
43 116 188
43 117 95
43 118 283
43 119 65
43 120 120
43 121 30
43 122 239
43 123 130
43 124 39
43 125 287
43 126 213
43 127 295
43 128 236
43 129 10
43 130 128
44 45 81
44 46 101
44 47 170
44 48 84
44 49 75
44 50 236
44 51 122
44 52 140
44 53 273
44 54 143
44 55 172
44 56 95
44 57 220
44 58 98
44 59 214
44 60 119
44 61 111
44 62 166
44 63 275
44 64 225
44 65 143
44 66 253
44 67 268
44 68 208
44 69 18
44 70 50
44 71 242
44 72 277
44 73 170
44 74 60
44 75 109
44 76 76
44 77 43
44 78 152
44 79 35
44 80 85
44 81 62
44 82 277
44 83 102
44 84 36
44 85 143
44 86 69
44 87 16
44 88 112
44 89 87
44 90 195
44 91 51
44 92 242
44 93 94
44 94 10
44 95 197
44 96 197
44 97 148
44 98 132
44 99 267
44 100 168
44 101 106
44 102 92
44 103 45
44 104 36
44 105 231
44 106 174
44 107 207
44 108 114
44 109 117
44 110 279
44 111 296
44 112 159
44 113 177
44 114 41
44 115 16
44 116 105
44 117 192
44 118 186
44 119 88
44 120 152
44 121 250
44 122 69
44 123 40
44 124 297
44 125 174
44 126 287
44 127 155
44 128 92
44 129 275
44 130 92
45 46 295
45 47 107
45 48 87
45 49 299
45 50 287
45 51 30
45 52 242
45 53 259
45 54 286
45 55 47
45 56 225
45 57 49
45 58 204
45 59 98
45 60 115
45 61 137
45 62 224
45 63 231
45 64 255
45 65 168
45 66 178
45 67 48
45 68 287
45 69 107
45 70 274
45 71 126
45 72 216
45 73 286
45 74 36
45 75 153
45 76 90
45 77 150
45 78 148
45 79 147
45 80 137
45 81 62
45 82 166
45 83 184
45 84 214
45 85 95
45 86 67
45 87 76
45 88 170
45 89 289
45 90 42
45 91 87
45 92 55
45 93 276
45 94 230
45 95 281
45 96 287
45 97 239
45 98 17
45 99 143
45 100 260
45 101 224
45 102 12
45 103 289
45 104 216
45 105 136
45 106 29
45 107 239
45 108 262
45 109 21
45 110 156
45 111 33
45 112 112
45 113 130
45 114 46
45 115 185
45 116 125
45 117 93
45 118 89
45 119 179
45 120 129
45 121 150
45 122 94
45 123 20
45 124 292
45 125 112
45 126 124
45 127 133
45 128 284
45 129 213
45 130 44
46 47 153
46 48 15
46 49 13
46 50 13
46 51 92
46 52 29
46 53 211
46 54 57
46 55 258
46 56 76
46 57 72
46 58 292
46 59 150
46 60 174
46 61 31
46 62 290
46 63 107
46 64 241
46 65 200
46 66 95
46 67 89
46 68 22
46 69 241
46 70 254
46 71 63
46 72 287
46 73 44
46 74 148
46 75 242
46 76 139
46 77 104
46 78 116
46 79 257
46 80 178
46 81 73
46 82 132
46 83 232
46 84 213
46 85 134
46 86 175
46 87 19
46 88 113
46 89 281
46 90 206
46 91 152
46 92 46
46 93 227
46 94 184
46 95 186
46 96 29
46 97 248
46 98 177
46 99 137
46 100 166
46 101 52
46 102 88
46 103 211
46 104 67
46 105 214
46 106 182
46 107 125
46 108 208
46 109 123
46 110 181
46 111 237
46 112 162
46 113 68
46 114 198
46 115 250
46 116 11
46 117 277
46 118 33
46 119 72
46 120 50
46 121 97
46 122 204
46 123 151
46 124 228
46 125 224
46 126 161
46 127 231
46 128 82
46 129 290
46 130 212
47 48 218
47 49 114
47 50 98
47 51 120
47 52 293
47 53 135
47 54 256
47 55 50
47 56 142
47 57 150
47 58 141
47 59 52
47 60 76
47 61 161
47 62 217
47 63 198
47 64 91
47 65 46
47 66 91
47 67 298
47 68 244
47 69 279
47 70 287
47 71 263
47 72 60
47 73 56
47 74 265
47 75 150
47 76 292
47 77 105
47 78 203
47 79 16
47 80 239
47 81 208
47 82 93
47 83 273
47 84 117
47 85 247
47 86 279
47 87 95
47 88 149
47 89 208
47 90 188
47 91 146
47 92 136
47 93 118
47 94 75
47 95 48
47 96 137
47 97 143
47 98 296
47 99 35
47 100 57
47 101 168
47 102 289
47 103 228
47 104 44
47 105 100
47 106 129
47 107 276
47 108 89
47 109 153
47 110 266
47 111 181
47 112 175
47 113 140
47 114 156
47 115 206
47 116 242
47 117 225
47 118 53
47 119 111
47 120 223
47 121 208
47 122 224
47 123 225
47 124 117
47 125 230
47 126 14
47 127 247
47 128 48
47 129 238
47 130 121
48 49 126
48 50 239
48 51 246
48 52 46
48 53 289
48 54 110
48 55 161
48 56 69
48 57 159
48 58 270
48 59 225
48 60 65
48 61 276
48 62 292
48 63 227
48 64 188
48 65 133
48 66 252
48 67 173
48 68 167
48 69 210
48 70 166
48 71 135
48 72 165
48 73 220
48 74 159
48 75 162
48 76 105
48 77 11
48 78 49
48 79 284
48 80 175
48 81 135
48 82 25
48 83 130
48 84 288
48 85 286
48 86 276
48 87 247
48 88 207
48 89 46
48 90 226
48 91 280
48 92 274
48 93 151
48 94 157
48 95 282
48 96 245
48 97 176
48 98 278
48 99 213
48 100 241
48 101 139
48 102 135
48 103 133
48 104 89
48 105 42
48 106 219
48 107 259
48 108 175
48 109 286
48 110 87
48 111 264
48 112 199
48 113 210
48 114 110
48 115 231
48 116 66
48 117 15
48 118 235
48 119 56
48 120 33
48 121 129
48 122 209
48 123 215
48 124 185
48 125 288
48 126 283
48 127 283
48 128 217
48 129 103
48 130 146
49 50 22
49 51 57
49 52 159
49 53 191
49 54 270
49 55 184
49 56 250
49 57 105
49 58 177
49 59 189
49 60 213
49 61 257
49 62 142
49 63 142
49 64 274
49 65 270
49 66 35
49 67 116
49 68 157
49 69 177
49 70 39
49 71 47
49 72 225
49 73 96
49 74 43
49 75 103
49 76 211
49 77 299
49 78 215
49 79 156
49 80 159
49 81 208
49 82 281
49 83 77
49 84 137
49 85 29
49 86 152
49 87 129
49 88 187
49 89 291
49 90 202
49 91 111
49 92 203
49 93 194
49 94 106
49 95 89
49 96 126
49 97 202
49 98 157
49 99 148
49 100 201
49 101 29
49 102 78
49 103 142
49 104 199
49 105 34
49 106 148
49 107 79
49 108 47
49 109 277
49 110 39
49 111 215
49 112 233
49 113 210
49 114 285
49 115 228
49 116 94
49 117 176
49 118 58
49 119 109
49 120 50
49 121 243
49 122 229
49 123 264
49 124 21
49 125 76
49 126 142
49 127 120
49 128 11
49 129 99
49 130 213
50 51 130
50 52 245
50 53 281
50 54 38
50 55 111
50 56 212
50 57 288
50 58 221
50 59 47
50 60 158
50 61 126
50 62 201
50 63 67
50 64 244
50 65 182
50 66 153
50 67 53
50 68 183
50 69 77
50 70 69
50 71 202
50 72 32
50 73 70
50 74 135
50 75 177
50 76 291
50 77 107
50 78 21
50 79 80
50 80 179
50 81 189
50 82 178
50 83 287
50 84 147
50 85 22
50 86 243
50 87 252
50 88 296
50 89 174
50 90 185
50 91 96
50 92 94
50 93 146
50 94 260
50 95 210
50 96 200
50 97 247
50 98 171
50 99 170
50 100 170
50 101 170
50 102 235
50 103 54
50 104 276
50 105 39
50 106 142
50 107 10
50 108 73
50 109 238
50 110 172
50 111 297
50 112 264
50 113 255
50 114 167
50 115 200
50 116 245
50 117 77
50 118 20
50 119 211
50 120 205
50 121 127
50 122 248
50 123 239
50 124 95
50 125 212
50 126 244
50 127 189
50 128 223
50 129 156
50 130 112
51 52 69
51 53 148
51 54 151
51 55 255
51 56 66
51 57 282
51 58 140
51 59 198
51 60 223
51 61 21
51 62 26
51 63 143
51 64 73
51 65 132
51 66 202
51 67 45
51 68 204
51 69 269
51 70 198
51 71 131
51 72 86
51 73 31
51 74 155
51 75 289
51 76 32
51 77 155
51 78 69
51 79 72
51 80 55
51 81 155
51 82 161
51 83 43
51 84 175
51 85 62
51 86 82
51 87 247
51 88 195
51 89 170
51 90 295
51 91 99
51 92 287
51 93 16
51 94 106
51 95 109
51 96 211
51 97 277
51 98 84
51 99 93
51 100 207
51 101 133
51 102 259
51 103 285
51 104 180
51 105 289
51 106 258
51 107 13
51 108 296
51 109 168
51 110 244
51 111 202
51 112 28
51 113 195
51 114 253
51 115 75
51 116 166
51 117 203
51 118 152
51 119 113
51 120 96
51 121 264
51 122 110
51 123 142
51 124 161
51 125 182
51 126 190
51 127 299
51 128 293
51 129 120
51 130 120
52 53 285
52 54 279
52 55 179
52 56 117
52 57 87
52 58 248
52 59 61
52 60 92
52 61 286
52 62 180
52 63 33
52 64 299
52 65 45
52 66 53
52 67 100
52 68 34
52 69 126
52 70 184
52 71 216
52 72 156
52 73 232
52 74 217
52 75 201
52 76 258
52 77 30
52 78 117
52 79 47
52 80 209
52 81 276
52 82 137
52 83 211
52 84 250
52 85 268
52 86 78
52 87 117
52 88 257
52 89 185
52 90 144
52 91 194
52 92 268
52 93 26
52 94 58
52 95 15
52 96 295
52 97 253
52 98 275
52 99 10
52 100 34
52 101 264
52 102 284
52 103 186
52 104 60
52 105 201
52 106 122
52 107 222
52 108 193
52 109 117
52 110 178
52 111 229
52 112 137
52 113 241
52 114 44
52 115 59
52 116 216
52 117 135
52 118 229
52 119 141
52 120 181
52 121 52
52 122 13
52 123 99
52 124 149
52 125 61
52 126 255
52 127 55
52 128 157
52 129 15
52 130 148
53 54 177
53 55 296
53 56 100
53 57 106
53 58 162
53 59 169
53 60 172
53 61 61
53 62 246
53 63 54
53 64 212
53 65 166
53 66 189
53 67 209
53 68 20
53 69 36
53 70 144
53 71 282
53 72 138
53 73 78
53 74 180
53 75 139
53 76 293
53 77 157
53 78 140
53 79 72
53 80 55
53 81 280
53 82 265
53 83 288
53 84 110
53 85 19
53 86 10
53 87 80
53 88 48
53 89 195
53 90 140
53 91 267
53 92 30
53 93 68
53 94 85
53 95 49
53 96 76
53 97 226
53 98 242
53 99 182
53 100 106
53 101 220
53 102 24
53 103 213
53 104 33
53 105 181
53 106 143
53 107 18
53 108 221
53 109 269
53 110 77
53 111 239
53 112 184
53 113 230
53 114 163
53 115 127
53 116 38
53 117 146
53 118 102
53 119 207
53 120 63
53 121 106
53 122 202
53 123 37
53 124 88
53 125 152
53 126 272
53 127 222
53 128 156
53 129 221
53 130 19
54 55 234
54 56 38
54 57 254
54 58 120
54 59 243
54 60 23
54 61 259
54 62 221
54 63 175
54 64 52
54 65 289
54 66 164
54 67 262
54 68 49
54 69 132
54 70 85
54 71 16
54 72 223
54 73 78
54 74 230
54 75 179
54 76 241
54 77 240
54 78 58
54 79 174
54 80 136
54 81 289
54 82 105
54 83 238
54 84 143
54 85 79
54 86 24
54 87 28
54 88 264
54 89 188
54 90 31
54 91 87
54 92 189
54 93 102
54 94 274
54 95 217
54 96 190
54 97 277
54 98 143
54 99 233
54 100 43
54 101 210
54 102 195
54 103 269
54 104 33
54 105 42
54 106 155
54 107 173
54 108 174
54 109 88
54 110 240
54 111 169
54 112 81
54 113 22
54 114 49
54 115 283
54 116 154
54 117 58
54 118 107
54 119 106
54 120 249
54 121 269
54 122 248
54 123 224
54 124 229
54 125 186
54 126 255
54 127 274
54 128 148
54 129 14
54 130 58
55 56 237
55 57 90
55 58 71
55 59 153
55 60 16
55 61 59
55 62 36
55 63 266
55 64 66
55 65 275
55 66 55
55 67 47
55 68 94
55 69 75
55 70 87
55 71 274
55 72 83
55 73 171
55 74 29
55 75 200
55 76 190
55 77 86
55 78 156
55 79 282
55 80 189
55 81 254
55 82 67
55 83 207
55 84 208
55 85 17
55 86 166
55 87 189
55 88 206
55 89 36
55 90 32
55 91 248
55 92 270
55 93 263
55 94 222
55 95 232
55 96 23
55 97 224
55 98 64
55 99 13
55 100 93
55 101 280
55 102 257
55 103 169
55 104 84
55 105 94
55 106 180
55 107 103
55 108 173
55 109 36
55 110 218
55 111 255
55 112 144
55 113 280
55 114 208
55 115 197
55 116 239
55 117 232
55 118 108
55 119 271
55 120 159
55 121 167
55 122 90
55 123 138
55 124 85
55 125 281
55 126 231
55 127 21
55 128 38
55 129 14
55 130 46
56 57 136
56 58 207
56 59 23
56 60 28
56 61 56
56 62 74
56 63 18
56 64 245
56 65 198
56 66 215
56 67 64
56 68 216
56 69 240
56 70 62
56 71 257
56 72 10
56 73 164
56 74 46
56 75 46
56 76 119
56 77 282
56 78 112
56 79 182
56 80 253
56 81 250
56 82 130
56 83 298
56 84 159
56 85 82
56 86 231
56 87 58
56 88 184
56 89 177
56 90 266
56 91 232
56 92 101
56 93 117
56 94 26
56 95 100
56 96 29
56 97 142
56 98 220
56 99 71
56 100 219
56 101 92
56 102 96
56 103 221
56 104 173
56 105 176
56 106 150
56 107 200
56 108 182
56 109 274
56 110 182
56 111 181
56 112 85
56 113 295
56 114 126
56 115 240
56 116 11
56 117 209
56 118 260
56 119 164
56 120 125
56 121 60
56 122 13
56 123 183
56 124 196
56 125 267
56 126 12
56 127 204
56 128 116
56 129 245
56 130 286
57 58 156
57 59 97
57 60 127
57 61 142
57 62 275
57 63 88
57 64 82
57 65 232
57 66 120
57 67 93
57 68 230
57 69 20
57 70 124
57 71 210
57 72 272
57 73 53
57 74 192
57 75 169
57 76 105
57 77 266
57 78 102
57 79 215
57 80 24
57 81 235
57 82 196
57 83 194
57 84 111
57 85 216
57 86 24
57 87 23
57 88 137
57 89 157
57 90 233
57 91 121
57 92 237
57 93 229
57 94 286
57 95 101
57 96 255
57 97 280
57 98 93
57 99 83
57 100 267
57 101 274
57 102 160
57 103 109
57 104 255
57 105 155
57 106 208
57 107 17
57 108 249
57 109 93
57 110 210
57 111 176
57 112 23
57 113 189
57 114 96
57 115 43
57 116 116
57 117 281
57 118 138
57 119 203
57 120 287
57 121 214
57 122 185
57 123 294
57 124 100
57 125 291
57 126 193
57 127 276
57 128 241
57 129 46
57 130 214
58 59 276
58 60 249
58 61 77
58 62 136
58 63 240
58 64 54
58 65 121
58 66 294
58 67 84
58 68 46
58 69 62
58 70 283
58 71 127
58 72 125
58 73 92
58 74 226
58 75 123
58 76 202
58 77 49
58 78 230
58 79 26
58 80 44
58 81 283
58 82 295
58 83 254
58 84 192
58 85 257
58 86 69
58 87 17
58 88 266
58 89 225
58 90 277
58 91 264
58 92 146
58 93 233
58 94 228
58 95 222
58 96 115
58 97 283
58 98 299
58 99 262
58 100 74
58 101 239
58 102 168
58 103 211
58 104 181
58 105 218
58 106 280
58 107 57
58 108 21
58 109 229
58 110 113
58 111 295
58 112 85
58 113 58
58 114 262
58 115 128
58 116 149
58 117 21
58 118 138
58 119 292
58 120 178
58 121 59
58 122 295
58 123 147
58 124 108
58 125 10
58 126 294
58 127 235
58 128 45
58 129 181
58 130 280
59 60 52
59 61 48
59 62 101
59 63 87
59 64 287
59 65 105
59 66 151
59 67 264
59 68 28
59 69 184
59 70 78
59 71 157
59 72 11
59 73 262
59 74 103
59 75 243
59 76 70
59 77 140
59 78 61
59 79 106
59 80 77
59 81 62
59 82 124
59 83 187
59 84 65
59 85 167
59 86 200
59 87 82
59 88 125
59 89 74
59 90 145
59 91 131
59 92 203
59 93 198
59 94 262
59 95 24
59 96 161
59 97 69
59 98 158
59 99 28
59 100 234
59 101 94
59 102 157
59 103 146
59 104 282
59 105 14
59 106 48
59 107 218
59 108 48
59 109 221
59 110 227
59 111 239
59 112 91
59 113 135
59 114 256
59 115 18
59 116 116
59 117 170
59 118 112
59 119 84
59 120 19
59 121 213
59 122 187
59 123 10
59 124 113
59 125 174
59 126 294
59 127 10
59 128 231
59 129 212
59 130 187
60 61 101
60 62 43
60 63 263
60 64 141
60 65 195
60 66 69
60 67 116
60 68 282
60 69 238
60 70 248
60 71 38
60 72 57
60 73 143
60 74 222
60 75 215
60 76 68
60 77 93
60 78 19
60 79 21
60 80 202
60 81 248
60 82 116
60 83 52
60 84 101
60 85 107
60 86 180
60 87 267
60 88 104
60 89 246
60 90 185
60 91 224
60 92 141
60 93 275
60 94 239
60 95 242
60 96 106
60 97 108
60 98 165
60 99 166
60 100 202
60 101 137
60 102 12
60 103 160
60 104 91
60 105 225
60 106 162
60 107 238
60 108 14
60 109 40
60 110 248
60 111 229
60 112 246
60 113 295
60 114 243
60 115 225
60 116 86
60 117 79
60 118 286
60 119 195
60 120 195
60 121 74
60 122 210
60 123 184
60 124 227
60 125 246
60 126 43
60 127 218
60 128 223
60 129 273
60 130 236
61 62 113
61 63 167
61 64 174
61 65 78
61 66 89
61 67 110
61 68 58
61 69 58
61 70 287
61 71 172
61 72 74
61 73 290
61 74 180
61 75 123
61 76 37
61 77 182
61 78 14
61 79 264
61 80 171
61 81 188
61 82 53
61 83 25
61 84 113
61 85 63
61 86 151
61 87 249
61 88 133
61 89 209
61 90 26
61 91 49
61 92 214
61 93 19
61 94 206
61 95 26
61 96 74
61 97 148
61 98 197
61 99 36
61 100 197
61 101 293
61 102 77
61 103 297
61 104 280
61 105 123
61 106 187
61 107 202
61 108 104
61 109 156
61 110 119
61 111 226
61 112 230
61 113 26
61 114 96
61 115 127
61 116 167
61 117 263
61 118 227
61 119 179
61 120 177
61 121 108
61 122 296
61 123 276
61 124 56
61 125 48
61 126 84
61 127 276
61 128 127
61 129 216
61 130 284
62 63 69
62 64 261
62 65 165
62 66 183
62 67 143
62 68 48
62 69 267
62 70 48
62 71 115
62 72 283
62 73 15
62 74 51
62 75 22
62 76 12
62 77 143
62 78 209
62 79 193
62 80 267
62 81 82
62 82 196
62 83 15
62 84 13
62 85 138
62 86 156
62 87 186
62 88 47
62 89 182
62 90 114
62 91 216
62 92 114
62 93 167
62 94 166
62 95 26
62 96 209
62 97 101
62 98 178
62 99 63
62 100 35
62 101 75
62 102 91
62 103 33
62 104 211
62 105 33
62 106 256
62 107 158
62 108 28
62 109 229
62 110 104
62 111 86
62 112 101
62 113 254
62 114 104
62 115 197
62 116 185
62 117 82
62 118 35
62 119 19
62 120 168
62 121 158
62 122 101
62 123 204
62 124 27
62 125 297
62 126 127
62 127 229
62 128 33
62 129 84
62 130 277
63 64 69
63 65 196
63 66 137
63 67 201
63 68 71
63 69 171
63 70 209
63 71 168
63 72 158
63 73 297
63 74 122
63 75 116
63 76 11
63 77 115
63 78 82
63 79 203
63 80 36
63 81 55
63 82 178
63 83 82
63 84 223
63 85 101
63 86 157
63 87 250
63 88 141
63 89 37
63 90 184
63 91 174
63 92 67
63 93 163
63 94 11
63 95 210
63 96 124
63 97 119
63 98 135
63 99 298
63 100 245
63 101 55
63 102 243
63 103 198
63 104 160
63 105 190
63 106 163
63 107 13
63 108 119
63 109 186
63 110 241
63 111 147
63 112 138
63 113 135
63 114 158
63 115 96
63 116 20
63 117 206
63 118 220
63 119 29
63 120 22
63 121 82
63 122 71
63 123 48
63 124 119
63 125 261
63 126 201
63 127 289
63 128 282
63 129 76
63 130 251
64 65 110
64 66 120
64 67 276
64 68 193
64 69 136
64 70 179
64 71 85
64 72 232
64 73 150
64 74 204
64 75 150
64 76 45
64 77 194
64 78 213
64 79 38
64 80 249
64 81 107
64 82 83
64 83 17
64 84 56
64 85 279
64 86 131
64 87 123
64 88 217
64 89 53
64 90 27
64 91 229
64 92 148
64 93 68
64 94 173
64 95 17
64 96 156
64 97 69
64 98 207
64 99 33
64 100 220
64 101 198
64 102 46
64 103 239
64 104 149
64 105 269
64 106 23
64 107 124
64 108 157
64 109 214
64 110 49
64 111 247
64 112 247
64 113 31
64 114 255
64 115 212
64 116 188
64 117 125
64 118 239
64 119 52
64 120 30
64 121 198
64 122 146
64 123 51
64 124 57
64 125 185
64 126 85
64 127 257
64 128 292
64 129 256
64 130 260
65 66 156
65 67 236
65 68 82
65 69 109
65 70 43
65 71 99
65 72 117
65 73 204
65 74 60
65 75 290
65 76 46
65 77 183
65 78 121
65 79 263
65 80 171
65 81 34
65 82 66
65 83 32
65 84 127
65 85 211
65 86 275
65 87 183
65 88 82
65 89 178
65 90 264
65 91 190
65 92 151
65 93 68
65 94 27
65 95 204
65 96 33
65 97 276
65 98 233
65 99 200
65 100 97
65 101 129
65 102 275
65 103 74
65 104 262
65 105 56
65 106 112
65 107 125
65 108 119
65 109 250
65 110 80
65 111 205
65 112 219
65 113 284
65 114 79
65 115 88
65 116 26
65 117 101
65 118 22
65 119 235
65 120 98
65 121 241
65 122 286
65 123 104
65 124 276
65 125 98
65 126 240
65 127 27
65 128 247
65 129 15
65 130 97
66 67 48
66 68 289
66 69 34
66 70 174
66 71 214
66 72 24
66 73 272
66 74 100
66 75 121
66 76 134
66 77 203
66 78 259
66 79 22
66 80 291
66 81 85
66 82 255
66 83 168
66 84 264
66 85 296
66 86 153
66 87 73
66 88 112
66 89 73
66 90 100
66 91 71
66 92 26
66 93 18
66 94 203
66 95 52
66 96 138
66 97 256
66 98 264
66 99 124
66 100 179
66 101 105
66 102 177
66 103 293
66 104 224
66 105 125
66 106 74
66 107 240
66 108 21
66 109 224
66 110 234
66 111 228
66 112 75
66 113 283
66 114 252
66 115 139
66 116 237
66 117 21
66 118 119
66 119 71
66 120 259
66 121 216
66 122 52
66 123 65
66 124 275
66 125 185
66 126 221
66 127 110
66 128 118
66 129 263
66 130 205
67 68 140
67 69 242
67 70 299
67 71 42
67 72 246
67 73 153
67 74 194
67 75 237
67 76 229
67 77 106
67 78 118
67 79 251
67 80 68
67 81 21
67 82 60
67 83 124
67 84 291
67 85 29
67 86 214
67 87 130
67 88 164
67 89 206
67 90 254
67 91 111
67 92 243
67 93 132
67 94 22
67 95 219
67 96 144
67 97 255
67 98 112
67 99 231
67 100 195
67 101 113
67 102 63
67 103 135
67 104 237
67 105 227
67 106 142
67 107 114
67 108 274
67 109 104
67 110 156
67 111 144
67 112 299
67 113 59
67 114 23
67 115 233
67 116 131
67 117 295
67 118 35
67 119 219
67 120 122
67 121 299
67 122 261
67 123 164
67 124 199
67 125 193
67 126 13
67 127 97
67 128 265
67 129 218
67 130 14
68 69 264
68 70 118
68 71 159
68 72 215
68 73 298
68 74 78
68 75 274
68 76 40
68 77 253
68 78 238
68 79 257
68 80 256
68 81 138
68 82 51
68 83 264
68 84 221
68 85 146
68 86 205
68 87 249
68 88 131
68 89 98
68 90 93
68 91 118
68 92 137
68 93 52
68 94 43
68 95 123
68 96 46
68 97 158
68 98 292
68 99 12
68 100 278
68 101 138
68 102 42
68 103 81
68 104 287
68 105 118
68 106 230
68 107 226
68 108 151
68 109 161
68 110 31
68 111 297
68 112 98
68 113 255
68 114 253
68 115 54
68 116 26
68 117 65
68 118 32
68 119 175
68 120 70
68 121 207
68 122 205
68 123 279
68 124 230
68 125 56
68 126 175
68 127 98
68 128 216
68 129 177
68 130 62
69 70 150
69 71 206
69 72 155
69 73 10
69 74 129
69 75 240
69 76 19
69 77 90
69 78 14
69 79 145
69 80 266
69 81 83
69 82 121
69 83 245
69 84 250
69 85 134
69 86 261
69 87 266
69 88 11
69 89 68
69 90 299
69 91 88
69 92 281
69 93 267
69 94 258
69 95 38
69 96 27
69 97 119
69 98 16
69 99 15
69 100 171
69 101 46
69 102 272
69 103 221
69 104 46
69 105 33
69 106 18
69 107 288
69 108 113
69 109 217
69 110 108
69 111 251
69 112 15
69 113 93
69 114 250
69 115 248
69 116 285
69 117 206
69 118 245
69 119 185
69 120 200
69 121 203
69 122 97
69 123 65
69 124 267
69 125 174
69 126 208
69 127 195
69 128 65
69 129 209
69 130 226
70 71 267
70 72 91
70 73 196
70 74 14
70 75 103
70 76 182
70 77 95
70 78 223
70 79 107
70 80 20
70 81 147
70 82 220
70 83 106
70 84 201
70 85 169
70 86 268
70 87 218
70 88 204
70 89 94
70 90 269
70 91 136
70 92 73
70 93 298
70 94 263
70 95 64
70 96 242
70 97 145
70 98 275
70 99 101
70 100 12
70 101 62
70 102 129
70 103 180
70 104 86
70 105 292
70 106 64
70 107 216
70 108 207
70 109 159
70 110 101
70 111 106
70 112 147
70 113 184
70 114 62
70 115 61
70 116 94
70 117 144
70 118 244
70 119 119
70 120 156
70 121 279
70 122 46
70 123 18
70 124 231
70 125 184
70 126 70
70 127 100
70 128 132
70 129 77
70 130 41
71 72 119
71 73 276
71 74 216
71 75 132
71 76 208
71 77 40
71 78 18
71 79 34
71 80 113
71 81 80
71 82 194
71 83 24
71 84 23
71 85 39
71 86 296
71 87 186
71 88 174
71 89 44
71 90 228
71 91 234
71 92 73
71 93 35
71 94 31
71 95 200
71 96 98
71 97 17
71 98 222
71 99 70
71 100 87
71 101 244
71 102 201
71 103 147
71 104 116
71 105 204
71 106 241
71 107 297
71 108 158
71 109 263
71 110 133
71 111 26
71 112 27
71 113 254
71 114 123
71 115 198
71 116 239
71 117 70
71 118 176
71 119 233
71 120 163
71 121 169
71 122 125
71 123 278
71 124 39
71 125 197
71 126 52
71 127 164
71 128 26
71 129 218
71 130 61
72 73 164
72 74 257
72 75 276
72 76 222
72 77 88
72 78 119
72 79 68
72 80 111
72 81 77
72 82 54
72 83 151
72 84 140
72 85 279
72 86 253
72 87 172
72 88 141
72 89 26
72 90 38
72 91 299
72 92 235
72 93 10
72 94 235
72 95 11
72 96 186
72 97 128
72 98 273
72 99 266
72 100 210
72 101 145
72 102 27
72 103 68
72 104 138
72 105 132
72 106 42
72 107 123
72 108 240
72 109 108
72 110 167
72 111 115
72 112 134
72 113 40
72 114 39
72 115 167
72 116 81
72 117 290
72 118 212
72 119 242
72 120 233
72 121 180
72 122 47
72 123 26
72 124 225
72 125 147
72 126 149
72 127 133
72 128 141
72 129 204
72 130 257
73 74 221
73 75 276
73 76 145
73 77 241
73 78 189
73 79 174
73 80 287
73 81 175
73 82 39
73 83 294
73 84 161
73 85 169
73 86 269
73 87 49
73 88 21
73 89 92
73 90 290
73 91 169
73 92 296
73 93 120
73 94 190
73 95 125
73 96 117
73 97 255
73 98 26
73 99 218
73 100 149
73 101 199
73 102 288
73 103 19
73 104 94
73 105 217
73 106 284
73 107 215
73 108 259
73 109 203
73 110 120
73 111 277
73 112 121
73 113 102
73 114 199
73 115 180
73 116 294
73 117 173
73 118 153
73 119 21
73 120 244
73 121 162
73 122 202
73 123 253
73 124 102
73 125 282
73 126 182
73 127 144
73 128 147
73 129 179
73 130 197
74 75 76
74 76 182
74 77 269
74 78 35
74 79 248
74 80 130
74 81 56
74 82 142
74 83 185
74 84 41
74 85 76
74 86 139
74 87 237
74 88 247
74 89 224
74 90 59
74 91 83
74 92 133
74 93 254
74 94 84
74 95 97
74 96 31
74 97 50
74 98 233
74 99 213
74 100 176
74 101 88
74 102 133
74 103 239
74 104 29
74 105 219
74 106 106
74 107 211
74 108 53
74 109 51
74 110 119
74 111 60
74 112 295
74 113 119
74 114 253
74 115 220
74 116 269
74 117 181
74 118 31
74 119 21
74 120 251
74 121 17
74 122 137
74 123 239
74 124 108
74 125 287
74 126 57
74 127 54
74 128 28
74 129 225
74 130 224
75 76 218
75 77 230
75 78 270
75 79 45
75 80 221
75 81 52
75 82 167
75 83 154
75 84 167
75 85 139
75 86 28
75 87 172
75 88 177
75 89 133
75 90 200
75 91 293
75 92 160
75 93 102
75 94 227
75 95 248
75 96 150
75 97 232
75 98 289
75 99 69
75 100 127
75 101 218
75 102 66
75 103 281
75 104 31
75 105 171
75 106 151
75 107 137
75 108 243
75 109 171
75 110 249
75 111 273
75 112 291
75 113 251
75 114 220
75 115 222
75 116 285
75 117 259
75 118 151
75 119 159
75 120 90
75 121 153
75 122 76
75 123 249
75 124 61
75 125 60
75 126 17
75 127 146
75 128 94
75 129 221
75 130 47
76 77 204
76 78 292
76 79 152
76 80 210
76 81 25
76 82 144
76 83 264
76 84 203
76 85 291
76 86 291
76 87 71
76 88 128
76 89 81
76 90 296
76 91 265
76 92 235
76 93 203
76 94 164
76 95 285
76 96 256
76 97 12
76 98 167
76 99 120
76 100 152
76 101 58
76 102 112
76 103 75
76 104 133
76 105 122
76 106 123
76 107 148
76 108 76
76 109 58
76 110 192
76 111 197
76 112 92
76 113 140
76 114 176
76 115 166
76 116 12
76 117 173
76 118 99
76 119 288
76 120 221
76 121 11
76 122 266
76 123 179
76 124 191
76 125 37
76 126 244
76 127 208
76 128 141
76 129 134
76 130 220
77 78 157
77 79 84
77 80 11
77 81 188
77 82 102
77 83 282
77 84 112
77 85 108
77 86 189
77 87 14
77 88 98
77 89 180
77 90 75
77 91 110
77 92 207
77 93 204
77 94 101
77 95 206
77 96 272
77 97 21
77 98 234
77 99 47
77 100 274
77 101 260
77 102 144
77 103 154
77 104 286
77 105 85
77 106 87
77 107 80
77 108 18
77 109 66
77 110 15
77 111 56
77 112 34
77 113 69
77 114 88
77 115 44
77 116 246
77 117 87
77 118 177
77 119 34
77 120 147
77 121 27
77 122 269
77 123 250
77 124 245
77 125 174
77 126 84
77 127 108
77 128 240
77 129 18
77 130 278
78 79 219
78 80 102
78 81 228
78 82 254
78 83 48
78 84 203
78 85 243
78 86 63
78 87 24
78 88 298
78 89 35
78 90 255
78 91 87
78 92 194
78 93 113
78 94 80
78 95 111
78 96 203
78 97 27
78 98 188
78 99 29
78 100 261
78 101 32
78 102 260
78 103 11
78 104 243
78 105 15
78 106 152
78 107 133
78 108 236
78 109 96
78 110 188
78 111 167
78 112 258
78 113 206
78 114 156
78 115 54
78 116 113
78 117 61
78 118 84
78 119 231
78 120 86
78 121 113
78 122 99
78 123 254
78 124 149
78 125 188
78 126 269
78 127 158
78 128 152
78 129 62
78 130 76
79 80 284
79 81 295
79 82 245
79 83 139
79 84 148
79 85 132
79 86 49
79 87 75
79 88 178
79 89 135
79 90 138
79 91 113
79 92 206
79 93 48
79 94 230
79 95 67
79 96 41
79 97 75
79 98 180
79 99 199
79 100 236
79 101 211
79 102 131
79 103 14
79 104 122
79 105 230
79 106 97
79 107 11
79 108 182
79 109 256
79 110 162
79 111 267
79 112 61
79 113 137
79 114 107
79 115 164
79 116 11
79 117 145
79 118 12
79 119 126
79 120 154
79 121 295
79 122 119
79 123 97
79 124 237
79 125 52
79 126 185
79 127 175
79 128 135
79 129 265
79 130 62
80 81 258
80 82 286
80 83 273
80 84 212
80 85 139
80 86 51
80 87 130
80 88 60
80 89 78
80 90 214
80 91 42
80 92 158
80 93 143
80 94 223
80 95 43
80 96 43
80 97 289
80 98 261
80 99 175
80 100 161
80 101 193
80 102 203
80 103 225
80 104 171
80 105 144
80 106 265
80 107 227
80 108 12
80 109 154
80 110 41
80 111 70
80 112 122
80 113 253
80 114 95
80 115 57
80 116 297
80 117 114
80 118 240
80 119 141
80 120 172
80 121 287
80 122 174
80 123 25
80 124 114
80 125 146
80 126 249
80 127 153
80 128 83
80 129 183
80 130 82
81 82 99
81 83 258
81 84 86
81 85 61
81 86 19
81 87 67
81 88 21
81 89 76
81 90 76
81 91 220
81 92 14
81 93 215
81 94 286
81 95 64
81 96 197
81 97 81
81 98 122
81 99 247
81 100 163
81 101 108
81 102 229
81 103 43
81 104 202
81 105 212
81 106 215
81 107 220
81 108 217
81 109 27
81 110 70
81 111 267
81 112 118
81 113 185
81 114 31
81 115 129
81 116 178
81 117 207
81 118 219
81 119 66
81 120 58
81 121 157
81 122 73
81 123 258
81 124 32
81 125 194
81 126 157
81 127 258
81 128 37
81 129 127
81 130 130
82 83 106
82 84 205
82 85 22
82 86 49
82 87 240
82 88 223
82 89 122
82 90 117
82 91 40
82 92 248
82 93 211
82 94 46
82 95 193
82 96 49
82 97 112
82 98 86
82 99 195
82 100 47
82 101 151
82 102 161
82 103 226
82 104 47
82 105 93
82 106 55
82 107 91
82 108 180
82 109 123
82 110 65
82 111 292
82 112 87
82 113 59
82 114 176
82 115 116
82 116 288
82 117 126
82 118 158
82 119 261
82 120 10
82 121 298
82 122 27
82 123 155
82 124 172
82 125 111
82 126 25
82 127 74
82 128 38
82 129 275
82 130 239
83 84 139
83 85 272
83 86 57
83 87 290
83 88 156
83 89 115
83 90 272
83 91 28
83 92 25
83 93 66
83 94 110
83 95 151
83 96 103
83 97 220
83 98 95
83 99 118
83 100 214
83 101 190
83 102 48
83 103 115
83 104 69
83 105 84
83 106 275
83 107 193
83 108 274
83 109 226
83 110 275
83 111 50
83 112 51
83 113 197
83 114 226
83 115 141
83 116 65
83 117 266
83 118 70
83 119 274
83 120 147
83 121 51
83 122 222
83 123 241
83 124 188
83 125 282
83 126 46
83 127 207
83 128 108
83 129 116
83 130 213
84 85 30
84 86 15
84 87 22
84 88 216
84 89 66
84 90 291
84 91 17
84 92 67
84 93 73
84 94 164
84 95 181
84 96 128
84 97 212
84 98 63
84 99 247
84 100 48
84 101 229
84 102 248
84 103 146
84 104 238
84 105 209
84 106 201
84 107 70
84 108 216
84 109 135
84 110 160
84 111 224
84 112 39
84 113 191
84 114 26
84 115 283
84 116 193
84 117 48
84 118 15
84 119 87
84 120 30
84 121 153
84 122 229
84 123 124
84 124 31
84 125 289
84 126 73
84 127 236
84 128 161
84 129 43
84 130 145
85 86 243
85 87 124
85 88 113
85 89 62
85 90 156
85 91 114
85 92 276
85 93 73
85 94 103
85 95 136
85 96 214
85 97 224
85 98 250
85 99 198
85 100 59
85 101 151
85 102 34
85 103 274
85 104 167
85 105 137
85 106 96
85 107 232
85 108 46
85 109 148
85 110 136
85 111 92
85 112 205
85 113 114
85 114 215
85 115 216
85 116 141
85 117 143
85 118 27
85 119 234
85 120 254
85 121 290
85 122 175
85 123 164
85 124 147
85 125 24
85 126 50
85 127 223
85 128 119
85 129 123
85 130 128
86 87 271
86 88 49
86 89 239
86 90 130
86 91 216
86 92 102
86 93 66
86 94 18
86 95 132
86 96 101
86 97 27
86 98 202
86 99 94
86 100 72
86 101 155
86 102 183
86 103 222
86 104 222
86 105 146
86 106 103
86 107 245
86 108 229
86 109 267
86 110 219
86 111 271
86 112 50
86 113 272
86 114 177
86 115 16
86 116 81
86 117 24
86 118 194
86 119 271
86 120 281
86 121 23
86 122 234
86 123 111
86 124 34
86 125 113
86 126 189
86 127 139
86 128 213
86 129 116
86 130 54
87 88 125
87 89 245
87 90 296
87 91 79
87 92 52
87 93 257
87 94 27
87 95 87
87 96 182
87 97 261
87 98 64
87 99 174
87 100 21
87 101 105
87 102 116
87 103 240
87 104 249
87 105 213
87 106 34
87 107 62
87 108 186
87 109 174
87 110 120
87 111 290
87 112 38
87 113 16
87 114 182
87 115 70
87 116 172
87 117 188
87 118 284
87 119 132
87 120 286
87 121 163
87 122 188
87 123 58
87 124 208
87 125 86
87 126 35
87 127 23
87 128 177
87 129 79
87 130 196
88 89 245
88 90 169
88 91 288
88 92 56
88 93 227
88 94 233
88 95 111
88 96 112
88 97 272
88 98 196
88 99 143
88 100 144
88 101 198
88 102 75
88 103 112
88 104 214
88 105 253
88 106 93
88 107 32
88 108 296
88 109 173
88 110 100
88 111 185
88 112 242
88 113 91
88 114 103
88 115 268
88 116 217
88 117 143
88 118 72
88 119 252
88 120 40
88 121 47
88 122 273
88 123 289
88 124 160
88 125 176
88 126 181
88 127 120
88 128 209
88 129 280
88 130 49
89 90 129
89 91 83
89 92 40
89 93 183
89 94 178
89 95 146
89 96 252
89 97 163
89 98 53
89 99 268
89 100 291
89 101 295
89 102 166
89 103 258
89 104 32
89 105 23
89 106 297
89 107 250
89 108 262
89 109 25
89 110 55
89 111 208
89 112 260
89 113 262
89 114 71
89 115 144
89 116 32
89 117 49
89 118 169
89 119 95
89 120 59
89 121 276
89 122 192
89 123 255
89 124 25
89 125 99
89 126 294
89 127 211
89 128 284
89 129 97
89 130 90
90 91 142
90 92 216
90 93 206
90 94 287
90 95 171
90 96 89
90 97 105
90 98 37
90 99 191
90 100 69
90 101 47
90 102 175
90 103 17
90 104 196
90 105 10
90 106 136
90 107 97
90 108 97
90 109 144
90 110 94
90 111 110
90 112 136
90 113 27
90 114 161
90 115 126
90 116 133
90 117 151
90 118 120
90 119 136
90 120 199
90 121 40
90 122 94
90 123 148
90 124 237
90 125 105
90 126 262
90 127 108
90 128 10
90 129 99
90 130 66
91 92 50
91 93 24
91 94 269
91 95 123
91 96 26
91 97 139
91 98 102
91 99 85
91 100 267
91 101 113
91 102 154
91 103 50
91 104 98
91 105 202
91 106 132
91 107 297
91 108 275
91 109 17
91 110 60
91 111 144
91 112 12
91 113 273
91 114 298
91 115 24
91 116 262
91 117 194
91 118 25
91 119 120
91 120 260
91 121 163
91 122 30
91 123 62
91 124 161
91 125 160
91 126 35
91 127 81
91 128 180
91 129 93
91 130 245
92 93 186
92 94 78
92 95 275
92 96 204
92 97 52
92 98 118
92 99 174
92 100 99
92 101 32
92 102 271
92 103 176
92 104 156
92 105 249
92 106 50
92 107 292
92 108 125
92 109 167
92 110 167
92 111 145
92 112 290
92 113 279
92 114 138
92 115 45
92 116 122
92 117 121
92 118 73
92 119 162
92 120 42
92 121 153
92 122 117
92 123 157
92 124 188
92 125 59
92 126 118
92 127 286
92 128 132
92 129 275
92 130 290
93 94 136
93 95 13
93 96 163
93 97 295
93 98 25
93 99 104
93 100 176
93 101 126
93 102 30
93 103 160
93 104 213
93 105 152
93 106 161
93 107 297
93 108 263
93 109 193
93 110 113
93 111 187
93 112 295
93 113 218
93 114 165
93 115 250
93 116 18
93 117 221
93 118 70
93 119 225
93 120 255
93 121 159
93 122 211
93 123 231
93 124 290
93 125 74
93 126 146
93 127 231
93 128 49
93 129 234
93 130 195
94 95 175
94 96 64
94 97 48
94 98 135
94 99 199
94 100 224
94 101 62
94 102 283
94 103 207
94 104 273
94 105 27
94 106 122
94 107 88
94 108 198
94 109 154
94 110 69
94 111 276
94 112 277
94 113 146
94 114 22
94 115 298
94 116 56
94 117 161
94 118 126
94 119 163
94 120 212
94 121 240
94 122 168
94 123 66
94 124 124
94 125 176
94 126 278
94 127 100
94 128 297
94 129 163
94 130 19
95 96 131
95 97 142
95 98 84
95 99 215
95 100 212
95 101 104
95 102 17
95 103 233
95 104 249
95 105 232
95 106 179
95 107 11
95 108 282
95 109 27
95 110 280
95 111 287
95 112 279
95 113 236
95 114 96
95 115 122
95 116 119
95 117 29
95 118 39
95 119 231
95 120 277
95 121 96
95 122 186
95 123 90
95 124 124
95 125 236
95 126 241
95 127 194
95 128 104
95 129 99
95 130 154
96 97 264
96 98 62
96 99 256
96 100 110
96 101 79
96 102 248
96 103 149
96 104 110
96 105 161
96 106 163
96 107 67
96 108 123
96 109 261
96 110 236
96 111 198
96 112 276
96 113 149
96 114 237
96 115 205
96 116 137
96 117 103
96 118 87
96 119 212
96 120 90
96 121 257
96 122 152
96 123 241
96 124 178
96 125 258
96 126 141
96 127 240
96 128 245
96 129 157
96 130 238
97 98 216
97 99 146
97 100 11
97 101 176
97 102 30
97 103 41
97 104 249
97 105 25
97 106 122
97 107 254
97 108 154
97 109 165
97 110 102
97 111 143
97 112 113
97 113 23
97 114 79
97 115 101
97 116 189
97 117 33
97 118 210
97 119 26
97 120 177
97 121 197
97 122 241
97 123 102
97 124 71
97 125 11
97 126 170
97 127 26
97 128 80
97 129 267
97 130 159
98 99 204
98 100 149
98 101 243
98 102 298
98 103 190
98 104 133
98 105 172
98 106 200
98 107 120
98 108 21
98 109 45
98 110 32
98 111 114
98 112 193
98 113 293
98 114 260
98 115 172
98 116 11
98 117 182
98 118 99
98 119 25
98 120 122
98 121 19
98 122 269
98 123 145
98 124 121
98 125 124
98 126 279
98 127 97
98 128 96
98 129 249
98 130 43
99 100 14
99 101 152
99 102 102
99 103 178
99 104 225
99 105 12
99 106 255
99 107 221
99 108 268
99 109 65
99 110 243
99 111 163
99 112 238
99 113 48
99 114 193
99 115 183
99 116 168
99 117 142
99 118 136
99 119 232
99 120 36
99 121 181
99 122 125
99 123 147
99 124 30
99 125 277
99 126 91
99 127 206
99 128 108
99 129 75
99 130 42
100 101 103
100 102 218
100 103 18
100 104 104
100 105 285
100 106 130
100 107 44
100 108 153
100 109 243
100 110 67
100 111 24
100 112 211
100 113 229
100 114 247
100 115 69
100 116 39
100 117 75
100 118 103
100 119 267
100 120 267
100 121 172
100 122 180
100 123 22
100 124 181
100 125 94
100 126 15
100 127 213
100 128 67
100 129 217
100 130 145
101 102 259
101 103 196
101 104 172
101 105 125
101 106 262
101 107 277
101 108 106
101 109 183
101 110 59
101 111 75
101 112 168
101 113 22
101 114 262
101 115 209
101 116 244
101 117 244
101 118 117
101 119 229
101 120 105
101 121 270
101 122 265
101 123 132
101 124 67
101 125 160
101 126 256
101 127 29
101 128 215
101 129 181
101 130 220
102 103 220
102 104 176
102 105 46
102 106 221
102 107 217
102 108 268
102 109 11
102 110 11
102 111 187
102 112 142
102 113 174
102 114 78
102 115 290
102 116 13
102 117 42
102 118 140
102 119 197
102 120 156
102 121 36
102 122 260
102 123 70
102 124 114
102 125 265
102 126 48
102 127 251
102 128 120
102 129 267
102 130 32
103 104 290
103 105 220
103 106 277
103 107 167
103 108 246
103 109 128
103 110 155
103 111 34
103 112 41
103 113 262
103 114 104
103 115 135
103 116 103
103 117 125
103 118 266
103 119 227
103 120 279
103 121 166
103 122 54
103 123 31
103 124 115
103 125 23
103 126 126
103 127 278
103 128 145
103 129 224
103 130 179
104 105 210
104 106 98
104 107 265
104 108 206
104 109 64
104 110 89
104 111 65
104 112 148
104 113 143
104 114 259
104 115 221
104 116 17
104 117 115
104 118 48
104 119 136
104 120 250
104 121 184
104 122 284
104 123 11
104 124 15
104 125 58
104 126 235
104 127 297
104 128 277
104 129 168
104 130 265
105 106 59
105 107 280
105 108 59
105 109 268
105 110 224
105 111 209
105 112 110
105 113 39
105 114 76
105 115 217
105 116 220
105 117 18
105 118 29
105 119 220
105 120 285
105 121 185
105 122 43
105 123 58
105 124 268
105 125 212
105 126 284
105 127 133
105 128 267
105 129 37
105 130 40
106 107 130
106 108 269
106 109 139
106 110 112
106 111 153
106 112 289
106 113 279
106 114 68
106 115 157
106 116 54
106 117 25
106 118 50
106 119 86
106 120 278
106 121 170
106 122 27
106 123 115
106 124 30
106 125 42
106 126 111
106 127 278
106 128 96
106 129 295
106 130 11
107 108 209
107 109 40
107 110 192
107 111 224
107 112 153
107 113 126
107 114 71
107 115 225
107 116 262
107 117 105
107 118 173
107 119 233
107 120 239
107 121 202
107 122 175
107 123 177
107 124 149
107 125 250
107 126 224
107 127 173
107 128 14
107 129 74
107 130 164
108 109 142
108 110 24
108 111 48
108 112 255
108 113 177
108 114 17
108 115 106
108 116 113
108 117 151
108 118 119
108 119 201
108 120 247
108 121 142
108 122 159
108 123 43
108 124 15
108 125 52
108 126 65
108 127 27
108 128 296
108 129 220
108 130 223
109 110 72
109 111 130
109 112 262
109 113 244
109 114 92
109 115 54
109 116 180
109 117 112
109 118 91
109 119 77
109 120 282
109 121 283
109 122 83
109 123 238
109 124 27
109 125 225
109 126 285
109 127 256
109 128 222
109 129 37
109 130 45
110 111 24
110 112 258
110 113 76
110 114 119
110 115 119
110 116 125
110 117 238
110 118 175
110 119 146
110 120 72
110 121 199
110 122 246
110 123 141
110 124 255
110 125 49
110 126 146
110 127 76
110 128 192
110 129 186
110 130 235
111 112 229
111 113 101
111 114 185
111 115 281
111 116 127
111 117 267
111 118 73
111 119 104
111 120 208
111 121 60
111 122 219
111 123 118
111 124 272
111 125 125
111 126 280
111 127 96
111 128 226
111 129 173
111 130 272
112 113 19
112 114 47
112 115 38
112 116 128
112 117 147
112 118 250
112 119 61
112 120 183
112 121 142
112 122 123
112 123 116
112 124 298
112 125 201
112 126 256
112 127 232
112 128 98
112 129 76
112 130 243
113 114 48
113 115 159
113 116 137
113 117 85
113 118 240
113 119 195
113 120 126
113 121 283
113 122 197
113 123 25
113 124 93
113 125 178
113 126 248
113 127 183
113 128 33
113 129 177
113 130 166
114 115 207
114 116 185
114 117 245
114 118 255
114 119 297
114 120 47
114 121 54
114 122 76
114 123 49
114 124 101
114 125 70
114 126 81
114 127 120
114 128 77
114 129 176
114 130 121
115 116 58
115 117 152
115 118 271
115 119 33
115 120 27
115 121 155
115 122 137
115 123 84
115 124 202
115 125 227
115 126 23
115 127 220
115 128 279
115 129 205
115 130 227
116 117 116
116 118 265
116 119 72
116 120 254
116 121 108
116 122 79
116 123 163
116 124 70
116 125 161
116 126 191
116 127 45
116 128 134
116 129 86
116 130 156
117 118 45
117 119 291
117 120 70
117 121 59
117 122 160
117 123 150
117 124 93
117 125 78
117 126 12
117 127 173
117 128 269
117 129 297
117 130 162
118 119 256
118 120 255
118 121 204
118 122 49
118 123 56
118 124 263
118 125 185
118 126 165
118 127 109
118 128 26
118 129 257
118 130 232
119 120 42
119 121 235
119 122 108
119 123 153
119 124 195
119 125 124
119 126 166
119 127 287
119 128 294
119 129 114
119 130 255
120 121 198
120 122 243
120 123 150
120 124 129
120 125 129
120 126 138
120 127 83
120 128 161
120 129 140
120 130 267
121 122 28
121 123 281
121 124 65
121 125 31
121 126 70
121 127 93
121 128 237
121 129 77
121 130 153
122 123 155
122 124 114
122 125 279
122 126 113
122 127 42
122 128 270
122 129 292
122 130 181
123 124 70
123 125 298
123 126 14
123 127 44
123 128 17
123 129 254
123 130 254
124 125 178
124 126 107
124 127 194
124 128 279
124 129 208
124 130 70
125 126 256
125 127 102
125 128 179
125 129 23
125 130 215
126 127 225
126 128 17
126 129 191
126 130 145
127 128 68
127 129 98
127 130 250
128 129 155
128 130 143
129 130 187
