110 5995
1 2 29
1 3 274
1 4 161
1 5 233
1 6 199
1 7 118
1 8 209
1 9 225
1 10 282
1 11 240
1 12 48
1 13 283
1 14 40
1 15 133
1 16 261
1 17 203
1 18 38
1 19 108
1 20 111
1 21 214
1 22 265
1 23 152
1 24 43
1 25 80
1 26 222
1 27 265
1 28 266
1 29 238
1 30 167
1 31 228
1 32 185
1 33 182
1 34 173
1 35 171
1 36 63
1 37 148
1 38 163
1 39 225
1 40 119
1 41 242
1 42 98
1 43 42
1 44 96
1 45 115
1 46 266
1 47 73
1 48 249
1 49 270
1 50 293
1 51 79
1 52 194
1 53 242
1 54 267
1 55 268
1 56 109
1 57 204
1 58 32
1 59 96
1 60 99
1 61 60
1 62 20
1 63 262
1 64 50
1 65 160
1 66 78
1 67 185
1 68 156
1 69 155
1 70 149
1 71 189
1 72 122
1 73 276
1 74 12
1 75 211
1 76 208
1 77 224
1 78 202
1 79 275
1 80 85
1 81 96
1 82 61
1 83 175
1 84 28
1 85 152
1 86 19
1 87 61
1 88 46
1 89 245
1 90 151
1 91 116
1 92 241
1 93 75
1 94 221
1 95 290
1 96 129
1 97 112
1 98 260
1 99 151
1 100 99
1 101 254
1 102 128
1 103 165
1 104 235
1 105 158
1 106 181
1 107 16
1 108 202
1 109 58
1 110 199
2 3 192
2 4 137
2 5 161
2 6 76
2 7 86
2 8 137
2 9 136
2 10 74
2 11 161
2 12 50
2 13 183
2 14 170
2 15 284
2 16 191
2 17 156
2 18 227
2 19 153
2 20 47
2 21 15
2 22 142
2 23 52
2 24 141
2 25 153
2 26 285
2 27 10
2 28 174
2 29 209
2 30 48
2 31 26
2 32 230
2 33 116
2 34 272
2 35 139
2 36 90
2 37 76
2 38 182
2 39 142
2 40 234
2 41 43
2 42 73
2 43 288
2 44 32
2 45 222
2 46 227
2 47 51
2 48 54
2 49 179
2 50 22
2 51 272
2 52 236
2 53 121
2 54 139
2 55 227
2 56 12
2 57 24
2 58 60
2 59 62
2 60 55
2 61 250
2 62 109
2 63 218
2 64 100
2 65 239
2 66 25
2 67 126
2 68 68
2 69 133
2 70 73
2 71 230
2 72 268
2 73 70
2 74 150
2 75 91
2 76 171
2 77 261
2 78 257
2 79 204
2 80 13
2 81 252
2 82 74
2 83 213
2 84 184
2 85 70
2 86 28
2 87 205
2 88 28
2 89 69
2 90 151
2 91 169
2 92 214
2 93 187
2 94 279
2 95 239
2 96 254
2 97 219
2 98 158
2 99 140
2 100 269
2 101 238
2 102 198
2 103 105
2 104 285
2 105 171
2 106 41
2 107 174
2 108 248
2 109 221
2 110 63
3 4 103
3 5 235
3 6 158
3 7 174
3 8 204
3 9 266
3 10 100
3 11 193
3 12 145
3 13 266
3 14 264
3 15 252
3 16 154
3 17 296
3 18 231
3 19 14
3 20 270
3 21 122
3 22 222
3 23 155
3 24 215
3 25 243
3 26 165
3 27 252
3 28 254
3 29 26
3 30 12
3 31 247
3 32 80
3 33 285
3 34 237
3 35 122
3 36 94
3 37 20
3 38 48
3 39 73
3 40 89
3 41 270
3 42 217
3 43 207
3 44 198
3 45 170
3 46 65
3 47 66
3 48 278
3 49 158
3 50 237
3 51 198
3 52 102
3 53 191
3 54 57
3 55 229
3 56 85
3 57 166
3 58 113
3 59 216
3 60 228
3 61 287
3 62 278
3 63 64
3 64 249
3 65 224
3 66 72
3 67 122
3 68 81
3 69 248
3 70 134
3 71 292
3 72 224
3 73 42
3 74 170
3 75 135
3 76 144
3 77 232
3 78 200
3 79 150
3 80 217
3 81 183
3 82 28
3 83 197
3 84 13
3 85 104
3 86 234
3 87 61
3 88 273
3 89 216
3 90 96
3 91 199
3 92 199
3 93 68
3 94 205
3 95 136
3 96 132
3 97 269
3 98 89
3 99 22
3 100 90
3 101 81
3 102 177
3 103 79
3 104 223
3 105 122
3 106 242
3 107 298
3 108 38
3 109 282
3 110 128
4 5 103
4 6 58
4 7 143
4 8 134
4 9 76
4 10 49
4 11 192
4 12 171
4 13 74
4 14 179
4 15 71
4 16 154
4 17 72
4 18 64
4 19 297
4 20 145
4 21 117
4 22 253
4 23 243
4 24 139
4 25 159
4 26 254
4 27 267
4 28 132
4 29 245
4 30 251
4 31 111
4 32 47
4 33 175
4 34 263
4 35 156
4 36 231
4 37 193
4 38 286
4 39 129
4 40 173
4 41 135
4 42 159
4 43 265
4 44 128
4 45 136
4 46 101
4 47 191
4 48 100
4 49 33
4 50 112
4 51 291
4 52 65
4 53 86
4 54 95
4 55 130
4 56 170
4 57 86
4 58 192
4 59 92
4 60 178
4 61 296
4 62 292
4 63 74
4 64 70
4 65 186
4 66 261
4 67 194
4 68 273
4 69 174
4 70 277
4 71 59
4 72 114
4 73 250
4 74 37
4 75 151
4 76 37
4 77 224
4 78 238
4 79 100
4 80 150
4 81 228
4 82 15
4 83 158
4 84 267
4 85 160
4 86 51
4 87 142
4 88 195
4 89 199
4 90 116
4 91 248
4 92 163
4 93 271
4 94 203
4 95 217
4 96 159
4 97 286
4 98 285
4 99 119
4 100 286
4 101 152
4 102 110
4 103 186
4 104 201
4 105 142
4 106 276
4 107 219
4 108 141
4 109 225
4 110 68
5 6 90
5 7 230
5 8 218
5 9 193
5 10 203
5 11 27
5 12 117
5 13 234
5 14 249
5 15 112
5 16 12
5 17 34
5 18 22
5 19 124
5 20 57
5 21 278
5 22 15
5 23 47
5 24 226
5 25 211
5 26 12
5 27 29
5 28 143
5 29 200
5 30 290
5 31 286
5 32 252
5 33 176
5 34 151
5 35 215
5 36 299
5 37 188
5 38 296
5 39 84
5 40 268
5 41 71
5 42 186
5 43 268
5 44 128
5 45 274
5 46 210
5 47 32
5 48 82
5 49 108
5 50 229
5 51 278
5 52 171
5 53 75
5 54 84
5 55 160
5 56 275
5 57 85
5 58 114
5 59 106
5 60 217
5 61 28
5 62 277
5 63 293
5 64 50
5 65 208
5 66 250
5 67 218
5 68 181
5 69 141
5 70 63
5 71 283
5 72 280
5 73 147
5 74 39
5 75 77
5 76 57
5 77 154
5 78 217
5 79 260
5 80 209
5 81 87
5 82 293
5 83 207
5 84 58
5 85 11
5 86 179
5 87 172
5 88 284
5 89 186
5 90 272
5 91 134
5 92 121
5 93 16
5 94 163
5 95 11
5 96 222
5 97 28
5 98 269
5 99 195
5 100 293
5 101 58
5 102 35
5 103 51
5 104 296
5 105 121
5 106 209
5 107 80
5 108 89
5 109 126
5 110 134
6 7 138
6 8 289
6 9 293
6 10 71
6 11 266
6 12 33
6 13 256
6 14 155
6 15 193
6 16 191
6 17 138
6 18 47
6 19 196
6 20 203
6 21 116
6 22 22
6 23 15
6 24 68
6 25 148
6 26 172
6 27 139
6 28 124
6 29 174
6 30 272
6 31 114
6 32 207
6 33 121
6 34 173
6 35 96
6 36 178
6 37 67
6 38 110
6 39 291
6 40 295
6 41 297
6 42 28
6 43 190
6 44 130
6 45 282
6 46 95
6 47 230
6 48 88
6 49 159
6 50 252
6 51 264
6 52 80
6 53 114
6 54 239
6 55 134
6 56 158
6 57 207
6 58 228
6 59 286
6 60 101
6 61 198
6 62 52
6 63 34
6 64 29
6 65 65
6 66 230
6 67 237
6 68 82
6 69 206
6 70 235
6 71 52
6 72 173
6 73 140
6 74 123
6 75 55
6 76 196
6 77 288
6 78 205
6 79 130
6 80 276
6 81 206
6 82 106
6 83 143
6 84 241
6 85 12
6 86 290
6 87 22
6 88 23
6 89 172
6 90 239
6 91 78
6 92 269
6 93 197
6 94 109
6 95 129
6 96 70
6 97 70
6 98 46
6 99 106
6 100 214
6 101 100
6 102 291
6 103 22
6 104 85
6 105 172
6 106 169
6 107 163
6 108 214
6 109 199
6 110 227
7 8 131
7 9 34
7 10 28
7 11 119
7 12 181
7 13 181
7 14 244
7 15 200
7 16 272
7 17 239
7 18 110
7 19 298
7 20 222
7 21 107
7 22 230
7 23 103
7 24 28
7 25 285
7 26 70
7 27 210
7 28 241
7 29 250
7 30 151
7 31 283
7 32 208
7 33 96
7 34 198
7 35 112
7 36 291
7 37 88
7 38 183
7 39 156
7 40 54
7 41 87
7 42 251
7 43 279
7 44 24
7 45 65
7 46 70
7 47 21
7 48 101
7 49 189
7 50 75
7 51 271
7 52 202
7 53 203
7 54 147
7 55 241
7 56 18
7 57 129
7 58 92
7 59 268
7 60 27
7 61 268
7 62 205
7 63 274
7 64 171
7 65 183
7 66 149
7 67 183
7 68 85
7 69 211
7 70 17
7 71 13
7 72 272
7 73 292
7 74 284
7 75 142
7 76 213
7 77 75
7 78 56
7 79 113
7 80 165
7 81 260
7 82 107
7 83 93
7 84 230
7 85 266
7 86 276
7 87 270
7 88 115
7 89 114
7 90 203
7 91 149
7 92 95
7 93 229
7 94 95
7 95 292
7 96 92
7 97 92
7 98 199
7 99 116
7 100 199
7 101 163
7 102 256
7 103 13
7 104 126
7 105 204
7 106 172
7 107 10
7 108 91
7 109 109
7 110 100
8 9 247
8 10 218
8 11 279
8 12 15
8 13 190
8 14 123
8 15 195
8 16 72
8 17 110
8 18 66
8 19 283
8 20 59
8 21 220
8 22 34
8 23 190
8 24 57
8 25 290
8 26 96
8 27 89
8 28 250
8 29 126
8 30 62
8 31 271
8 32 188
8 33 126
8 34 98
8 35 195
8 36 46
8 37 77
8 38 86
8 39 168
8 40 92
8 41 251
8 42 81
8 43 162
8 44 61
8 45 128
8 46 42
8 47 44
8 48 72
8 49 275
8 50 226
8 51 160
8 52 160
8 53 244
8 54 209
8 55 39
8 56 88
8 57 122
8 58 118
8 59 222
8 60 288
8 61 61
8 62 253
8 63 116
8 64 20
8 65 276
8 66 61
8 67 189
8 68 92
8 69 288
8 70 213
8 71 111
8 72 241
8 73 26
8 74 251
8 75 121
8 76 297
8 77 296
8 78 66
8 79 122
8 80 194
8 81 175
8 82 146
8 83 135
8 84 230
8 85 160
8 86 23
8 87 145
8 88 186
8 89 53
8 90 117
8 91 230
8 92 164
8 93 225
8 94 24
8 95 175
8 96 175
8 97 132
8 98 209
8 99 57
8 100 293
8 101 24
8 102 220
8 103 77
8 104 251
8 105 185
8 106 190
8 107 127
8 108 159
8 109 75
8 110 106
9 10 202
9 11 242
9 12 68
9 13 258
9 14 249
9 15 54
9 16 89
9 17 81
9 18 19
9 19 46
9 20 159
9 21 73
9 22 193
9 23 47
9 24 281
9 25 59
9 26 208
9 27 212
9 28 218
9 29 19
9 30 148
9 31 89
9 32 177
9 33 95
9 34 250
9 35 127
9 36 122
9 37 33
9 38 70
9 39 152
9 40 35
9 41 84
9 42 292
9 43 86
9 44 290
9 45 276
9 46 72
9 47 236
9 48 259
9 49 272
9 50 57
9 51 39
9 52 290
9 53 51
9 54 290
9 55 38
9 56 145
9 57 99
9 58 237
9 59 137
9 60 11
9 61 142
9 62 58
9 63 55
9 64 243
9 65 242
9 66 62
9 67 238
9 68 173
9 69 233
9 70 14
9 71 245
9 72 25
9 73 38
9 74 126
9 75 226
9 76 31
9 77 224
9 78 104
9 79 42
9 80 32
9 81 45
9 82 276
9 83 270
9 84 101
9 85 55
9 86 217
9 87 36
9 88 264
9 89 213
9 90 29
9 91 139
9 92 110
9 93 12
9 94 182
9 95 206
9 96 53
9 97 19
9 98 266
9 99 106
9 100 30
9 101 156
9 102 286
9 103 172
9 104 235
9 105 159
9 106 159
9 107 128
9 108 205
9 109 155
9 110 133
10 11 168
10 12 17
10 13 19
10 14 72
10 15 258
10 16 121
10 17 97
10 18 273
10 19 81
10 20 15
10 21 156
10 22 146
10 23 127
10 24 272
10 25 24
10 26 30
10 27 87
10 28 34
10 29 138
10 30 135
10 31 60
10 32 237
10 33 153
10 34 98
10 35 190
10 36 200
10 37 133
10 38 275
10 39 67
10 40 88
10 41 193
10 42 152
10 43 208
10 44 210
10 45 133
10 46 275
10 47 72
10 48 245
10 49 137
10 50 216
10 51 294
10 52 94
10 53 125
10 54 113
10 55 104
10 56 207
10 57 162
10 58 97
10 59 44
10 60 125
10 61 103
10 62 56
10 63 139
10 64 262
10 65 119
10 66 284
10 67 25
10 68 169
10 69 207
10 70 186
10 71 174
10 72 171
10 73 258
10 74 175
10 75 108
10 76 248
10 77 84
10 78 207
10 79 239
10 80 29
10 81 284
10 82 147
10 83 269
10 84 163
10 85 43
10 86 51
10 87 74
10 88 241
10 89 261
10 90 229
10 91 171
10 92 88
10 93 249
10 94 237
10 95 52
10 96 242
10 97 103
10 98 273
10 99 221
10 100 98
10 101 40
10 102 52
10 103 260
10 104 270
10 105 220
10 106 276
10 107 270
10 108 191
10 109 21
10 110 258
11 12 13
11 13 189
11 14 86
11 15 29
11 16 115
11 17 196
11 18 133
11 19 122
11 20 282
11 21 157
11 22 152
11 23 152
11 24 33
11 25 289
11 26 87
11 27 78
11 28 263
11 29 137
11 30 177
11 31 293
11 32 249
11 33 116
11 34 274
11 35 214
11 36 153
11 37 226
11 38 42
11 39 28
11 40 293
11 41 255
11 42 150
11 43 288
11 44 261
11 45 180
11 46 45
11 47 83
11 48 159
11 49 241
11 50 288
11 51 163
11 52 21
11 53 271
11 54 37
11 55 89
11 56 252
11 57 79
11 58 57
11 59 172
11 60 142
11 61 212
11 62 187
11 63 93
11 64 161
11 65 297
11 66 223
11 67 17
11 68 96
11 69 92
11 70 208
11 71 99
11 72 198
11 73 185
11 74 119
11 75 210
11 76 28
11 77 128
11 78 254
11 79 94
11 80 130
11 81 210
11 82 262
11 83 158
11 84 278
11 85 219
11 86 41
11 87 11
11 88 244
11 89 174
11 90 65
11 91 76
11 92 11
11 93 113
11 94 252
11 95 246
11 96 281
11 97 249
11 98 297
11 99 253
11 100 124
11 101 199
11 102 181
11 103 98
11 104 22
11 105 78
11 106 189
11 107 212
11 108 56
11 109 76
11 110 132
12 13 272
12 14 250
12 15 21
12 16 102
12 17 259
12 18 97
12 19 187
12 20 124
12 21 106
12 22 126
12 23 147
12 24 281
12 25 88
12 26 88
12 27 157
12 28 297
12 29 63
12 30 261
12 31 42
12 32 11
12 33 250
12 34 255
12 35 131
12 36 34
12 37 142
12 38 142
12 39 41
12 40 185
12 41 21
12 42 190
12 43 81
12 44 125
12 45 175
12 46 269
12 47 77
12 48 195
12 49 184
12 50 43
12 51 108
12 52 128
12 53 119
12 54 220
12 55 37
12 56 265
12 57 56
12 58 80
12 59 169
12 60 207
12 61 171
12 62 174
12 63 138
12 64 62
12 65 167
12 66 160
12 67 152
12 68 233
12 69 154
12 70 128
12 71 242
12 72 231
12 73 157
12 74 222
12 75 167
12 76 226
12 77 103
12 78 50
12 79 203
12 80 38
12 81 23
12 82 55
12 83 158
12 84 248
12 85 149
12 86 168
12 87 138
12 88 102
12 89 202
12 90 94
12 91 266
12 92 284
12 93 17
12 94 226
12 95 206
12 96 211
12 97 194
12 98 176
12 99 296
12 100 134
12 101 262
12 102 262
12 103 224
12 104 140
12 105 283
12 106 218
12 107 297
12 108 153
12 109 119
12 110 189
13 14 220
13 15 46
13 16 287
13 17 279
13 18 187
13 19 149
13 20 230
13 21 194
13 22 14
13 23 219
13 24 98
13 25 190
13 26 16
13 27 112
13 28 88
13 29 83
13 30 82
13 31 144
13 32 254
13 33 85
13 34 198
13 35 253
13 36 96
13 37 243
13 38 125
13 39 135
13 40 290
13 41 11
13 42 242
13 43 94
13 44 245
13 45 46
13 46 155
13 47 296
13 48 64
13 49 134
13 50 58
13 51 18
13 52 242
13 53 171
13 54 292
13 55 14
13 56 271
13 57 58
13 58 67
13 59 54
13 60 146
13 61 276
13 62 286
13 63 260
13 64 64
13 65 33
13 66 220
13 67 218
13 68 126
13 69 252
13 70 275
13 71 192
13 72 195
13 73 219
13 74 114
13 75 172
13 76 140
13 77 298
13 78 31
13 79 267
13 80 29
13 81 150
13 82 125
13 83 259
13 84 25
13 85 90
13 86 293
13 87 11
13 88 246
13 89 260
13 90 73
13 91 104
13 92 134
13 93 126
13 94 170
13 95 148
13 96 286
13 97 86
13 98 261
13 99 147
13 100 225
13 101 100
13 102 170
13 103 297
13 104 295
13 105 173
13 106 152
13 107 289
13 108 115
13 109 128
13 110 130
14 15 38
14 16 228
14 17 225
14 18 248
14 19 236
14 20 53
14 21 239
14 22 18
14 23 283
14 24 226
14 25 283
14 26 259
14 27 198
14 28 258
14 29 284
14 30 292
14 31 84
14 32 28
14 33 170
14 34 141
14 35 124
14 36 148
14 37 40
14 38 282
14 39 278
14 40 230
14 41 72
14 42 115
14 43 246
14 44 17
14 45 133
14 46 240
14 47 50
14 48 202
14 49 149
14 50 144
14 51 22
14 52 155
14 53 84
14 54 97
14 55 288
14 56 284
14 57 198
14 58 34
14 59 234
14 60 246
14 61 101
14 62 94
14 63 41
14 64 223
14 65 13
14 66 88
14 67 43
14 68 111
14 69 217
14 70 45
14 71 100
14 72 233
14 73 161
14 74 16
14 75 158
14 76 248
14 77 136
14 78 151
14 79 216
14 80 291
14 81 213
14 82 287
14 83 48
14 84 186
14 85 68
14 86 85
14 87 77
14 88 211
14 89 279
14 90 92
14 91 294
14 92 228
14 93 67
14 94 231
14 95 60
14 96 297
14 97 200
14 98 267
14 99 229
14 100 222
14 101 129
14 102 183
14 103 53
14 104 239
14 105 98
14 106 133
14 107 57
14 108 33
14 109 64
14 110 290
15 16 244
15 17 72
15 18 134
15 19 161
15 20 70
15 21 75
15 22 70
15 23 244
15 24 161
15 25 185
15 26 173
15 27 41
15 28 59
15 29 158
15 30 243
15 31 288
15 32 121
15 33 115
15 34 264
15 35 221
15 36 170
15 37 109
15 38 64
15 39 44
15 40 101
15 41 12
15 42 223
15 43 17
15 44 216
15 45 277
15 46 252
15 47 284
15 48 178
15 49 134
15 50 100
15 51 251
15 52 158
15 53 276
15 54 204
15 55 85
15 56 285
15 57 235
15 58 286
15 59 116
15 60 69
15 61 30
15 62 292
15 63 106
15 64 170
15 65 106
15 66 57
15 67 14
15 68 260
15 69 172
15 70 285
15 71 129
15 72 199
15 73 202
15 74 191
15 75 235
15 76 268
15 77 193
15 78 212
15 79 151
15 80 60
15 81 174
15 82 60
15 83 38
15 84 245
15 85 44
15 86 194
15 87 132
15 88 75
15 89 129
15 90 226
15 91 70
15 92 128
15 93 248
15 94 284
15 95 15
15 96 71
15 97 266
15 98 72
15 99 49
15 100 271
15 101 152
15 102 75
15 103 284
15 104 206
15 105 265
15 106 88
15 107 209
15 108 234
15 109 297
15 110 259
16 17 12
16 18 34
16 19 126
16 20 30
16 21 29
16 22 48
16 23 247
16 24 41
16 25 57
16 26 55
16 27 249
16 28 177
16 29 51
16 30 116
16 31 242
16 32 38
16 33 104
16 34 270
16 35 49
16 36 14
16 37 263
16 38 203
16 39 229
16 40 30
16 41 282
16 42 276
16 43 208
16 44 88
16 45 99
16 46 171
16 47 184
16 48 272
16 49 221
16 50 204
16 51 106
16 52 148
16 53 27
16 54 18
16 55 178
16 56 122
16 57 68
16 58 146
16 59 14
16 60 16
16 61 198
16 62 111
16 63 255
16 64 188
16 65 292
16 66 126
16 67 265
16 68 251
16 69 31
16 70 219
16 71 197
16 72 239
16 73 109
16 74 175
16 75 228
16 76 87
16 77 197
16 78 177
16 79 256
16 80 166
16 81 155
16 82 155
16 83 262
16 84 24
16 85 22
16 86 49
16 87 116
16 88 61
16 89 158
16 90 48
16 91 99
16 92 196
16 93 81
16 94 155
16 95 271
16 96 255
16 97 251
16 98 207
16 99 256
16 100 74
16 101 59
16 102 162
16 103 295
16 104 40
16 105 99
16 106 259
16 107 112
16 108 14
16 109 277
16 110 44
17 18 94
17 19 173
17 20 242
17 21 62
17 22 259
17 23 211
17 24 68
17 25 221
17 26 215
17 27 36
17 28 199
17 29 150
17 30 297
17 31 88
17 32 200
17 33 288
17 34 289
17 35 296
17 36 234
17 37 225
17 38 196
17 39 154
17 40 166
17 41 221
17 42 31
17 43 224
17 44 95
17 45 118
17 46 209
17 47 286
17 48 209
17 49 38
17 50 212
17 51 182
17 52 124
17 53 42
17 54 231
17 55 73
17 56 277
17 57 199
17 58 76
17 59 289
17 60 168
17 61 225
17 62 93
17 63 216
17 64 82
17 65 85
17 66 105
17 67 12
17 68 48
17 69 140
17 70 181
17 71 29
17 72 265
17 73 21
17 74 241
17 75 132
17 76 290
17 77 114
17 78 229
17 79 22
17 80 78
17 81 152
17 82 212
17 83 273
17 84 47
17 85 196
17 86 292
17 87 63
17 88 244
17 89 156
17 90 31
17 91 96
17 92 212
17 93 117
17 94 11
17 95 158
17 96 147
17 97 201
17 98 144
17 99 19
17 100 87
17 101 127
17 102 253
17 103 52
17 104 105
17 105 47
17 106 198
17 107 241
17 108 280
17 109 96
17 110 78
18 19 242
18 20 29
18 21 140
18 22 261
18 23 14
18 24 241
18 25 277
18 26 263
18 27 144
18 28 138
18 29 135
18 30 160
18 31 184
18 32 50
18 33 107
18 34 271
18 35 277
18 36 62
18 37 81
18 38 263
18 39 290
18 40 162
18 41 57
18 42 175
18 43 204
18 44 131
18 45 260
18 46 65
18 47 268
18 48 219
18 49 104
18 50 214
18 51 101
18 52 165
18 53 157
18 54 219
18 55 100
18 56 228
18 57 277
18 58 216
18 59 86
18 60 203
18 61 177
18 62 169
18 63 86
18 64 78
18 65 136
18 66 73
18 67 232
18 68 275
18 69 101
18 70 186
18 71 298
18 72 261
18 73 110
18 74 202
18 75 150
18 76 197
18 77 164
18 78 151
18 79 109
18 80 295
18 81 128
18 82 128
18 83 41
18 84 52
18 85 220
18 86 281
18 87 133
18 88 258
18 89 138
18 90 200
18 91 179
18 92 69
18 93 255
18 94 177
18 95 56
18 96 264
18 97 296
18 98 85
18 99 119
18 100 292
18 101 151
18 102 135
18 103 217
18 104 107
18 105 233
18 106 61
18 107 160
18 108 225
18 109 278
18 110 97
19 20 140
19 21 136
19 22 87
19 23 213
19 24 242
19 25 31
19 26 31
19 27 275
19 28 267
19 29 23
19 30 44
19 31 193
19 32 24
19 33 28
19 34 259
19 35 225
19 36 152
19 37 153
19 38 130
19 39 141
19 40 39
19 41 77
19 42 224
19 43 195
19 44 44
19 45 219
19 46 141
19 47 180
19 48 84
19 49 241
19 50 150
19 51 242
19 52 204
19 53 15
19 54 222
19 55 17
19 56 138
19 57 246
19 58 121
19 59 64
19 60 265
19 61 216
19 62 78
19 63 100
19 64 266
19 65 143
19 66 278
19 67 144
19 68 70
19 69 245
19 70 121
19 71 51
19 72 22
19 73 235
19 74 148
19 75 247
19 76 196
19 77 120
19 78 92
19 79 291
19 80 143
19 81 287
19 82 16
19 83 129
19 84 126
19 85 181
19 86 283
19 87 52
19 88 291
19 89 162
19 90 128
19 91 31
19 92 111
19 93 160
19 94 208
19 95 31
19 96 115
19 97 126
19 98 298
19 99 240
19 100 67
19 101 198
19 102 269
19 103 261
19 104 198
19 105 110
19 106 176
19 107 294
19 108 156
19 109 292
19 110 244
20 21 278
20 22 154
20 23 74
20 24 46
20 25 276
20 26 61
20 27 253
20 28 252
20 29 246
20 30 128
20 31 38
20 32 105
20 33 278
20 34 127
20 35 281
20 36 73
20 37 114
20 38 55
20 39 13
20 40 39
20 41 92
20 42 111
20 43 196
20 44 191
20 45 62
20 46 101
20 47 197
20 48 254
20 49 114
20 50 199
20 51 95
20 52 129
20 53 256
20 54 187
20 55 120
20 56 238
20 57 75
20 58 28
20 59 238
20 60 222
20 61 42
20 62 276
20 63 91
20 64 113
20 65 263
20 66 65
20 67 114
20 68 271
20 69 242
20 70 150
20 71 48
20 72 235
20 73 144
20 74 296
20 75 73
20 76 136
20 77 177
20 78 262
20 79 252
20 80 220
20 81 280
20 82 52
20 83 46
20 84 224
20 85 89
20 86 149
20 87 172
20 88 166
20 89 147
20 90 204
20 91 132
20 92 162
20 93 259
20 94 111
20 95 112
20 96 105
20 97 153
20 98 260
20 99 67
20 100 47
20 101 107
20 102 33
20 103 187
20 104 277
20 105 167
20 106 177
20 107 268
20 108 162
20 109 160
20 110 256
21 22 189
21 23 163
21 24 220
21 25 292
21 26 240
21 27 193
21 28 212
21 29 288
21 30 271
21 31 166
21 32 292
21 33 240
21 34 166
21 35 122
21 36 15
21 37 113
21 38 144
21 39 147
21 40 233
21 41 187
21 42 50
21 43 26
21 44 160
21 45 13
21 46 198
21 47 209
21 48 228
21 49 58
21 50 114
21 51 198
21 52 178
21 53 296
21 54 76
21 55 146
21 56 237
21 57 42
21 58 124
21 59 261
21 60 215
21 61 79
21 62 36
21 63 69
21 64 18
21 65 64
21 66 30
21 67 289
21 68 66
21 69 286
21 70 138
21 71 175
21 72 131
21 73 99
21 74 230
21 75 246
21 76 195
21 77 104
21 78 20
21 79 124
21 80 253
21 81 196
21 82 137
21 83 90
21 84 253
21 85 18
21 86 54
21 87 157
21 88 172
21 89 109
21 90 45
21 91 209
21 92 95
21 93 138
21 94 158
21 95 32
21 96 187
21 97 171
21 98 77
21 99 263
21 100 39
21 101 84
21 102 275
21 103 55
21 104 193
21 105 182
21 106 291
21 107 291
21 108 180
21 109 151
21 110 141
22 23 283
22 24 90
22 25 124
22 26 207
22 27 247
22 28 117
22 29 274
22 30 51
22 31 144
22 32 148
22 33 105
22 34 255
22 35 198
22 36 54
22 37 209
22 38 220
22 39 188
22 40 31
22 41 246
22 42 108
22 43 72
22 44 53
22 45 121
22 46 78
22 47 50
22 48 76
22 49 128
22 50 56
22 51 237
22 52 272
22 53 133
22 54 127
22 55 286
22 56 63
22 57 208
22 58 249
22 59 218
22 60 249
22 61 138
22 62 97
22 63 107
22 64 129
22 65 16
22 66 247
22 67 111
22 68 232
22 69 78
22 70 177
22 71 246
22 72 97
22 73 66
22 74 193
22 75 257
22 76 116
22 77 110
22 78 252
22 79 130
22 80 80
22 81 164
22 82 278
22 83 54
22 84 77
22 85 27
22 86 155
22 87 160
22 88 49
22 89 15
22 90 40
22 91 119
22 92 13
22 93 123
22 94 219
22 95 51
22 96 79
22 97 16
22 98 57
22 99 16
22 100 212
22 101 233
22 102 225
22 103 241
22 104 188
22 105 143
22 106 229
22 107 111
22 108 102
22 109 236
22 110 153
23 24 53
23 25 163
23 26 136
23 27 190
23 28 46
23 29 20
23 30 126
23 31 181
23 32 195
23 33 16
23 34 57
23 35 282
23 36 192
23 37 63
23 38 289
23 39 212
23 40 212
23 41 55
23 42 49
23 43 228
23 44 271
23 45 243
23 46 202
23 47 43
23 48 105
23 49 269
23 50 53
23 51 193
23 52 206
23 53 113
23 54 237
23 55 264
23 56 122
23 57 185
23 58 168
23 59 136
23 60 88
23 61 200
23 62 146
23 63 26
23 64 172
23 65 83
23 66 210
23 67 40
23 68 187
23 69 124
23 70 42
23 71 280
23 72 57
23 73 274
23 74 73
23 75 206
23 76 208
23 77 114
23 78 228
23 79 137
23 80 193
23 81 130
23 82 80
23 83 28
23 84 176
23 85 284
23 86 19
23 87 143
23 88 58
23 89 233
23 90 249
23 91 146
23 92 74
23 93 117
23 94 156
23 95 228
23 96 48
23 97 91
23 98 199
23 99 43
23 100 291
23 101 150
23 102 71
23 103 257
23 104 59
23 105 145
23 106 133
23 107 287
23 108 24
23 109 113
23 110 165
24 25 79
24 26 69
24 27 191
24 28 226
24 29 158
24 30 19
24 31 24
24 32 99
24 33 240
24 34 12
24 35 189
24 36 72
24 37 253
24 38 187
24 39 127
24 40 146
24 41 87
24 42 91
24 43 46
24 44 139
24 45 42
24 46 206
24 47 258
24 48 22
24 49 291
24 50 288
24 51 201
24 52 211
24 53 30
24 54 164
24 55 207
24 56 155
24 57 147
24 58 38
24 59 288
24 60 61
24 61 34
24 62 64
24 63 241
24 64 176
24 65 240
24 66 177
24 67 162
24 68 173
24 69 75
24 70 31
24 71 242
24 72 44
24 73 199
24 74 33
24 75 88
24 76 94
24 77 289
24 78 76
24 79 286
24 80 161
24 81 192
24 82 141
24 83 187
24 84 240
24 85 273
24 86 227
24 87 111
24 88 213
24 89 203
24 90 30
24 91 111
24 92 184
24 93 183
24 94 122
24 95 192
24 96 258
24 97 181
24 98 140
24 99 97
24 100 265
24 101 236
24 102 270
24 103 128
24 104 250
24 105 52
24 106 222
24 107 146
24 108 165
24 109 249
24 110 258
25 26 51
25 27 118
25 28 278
25 29 282
25 30 225
25 31 133
25 32 109
25 33 72
25 34 151
25 35 184
25 36 113
25 37 160
25 38 154
25 39 258
25 40 271
25 41 13
25 42 34
25 43 204
25 44 267
25 45 202
25 46 161
25 47 23
25 48 131
25 49 258
25 50 61
25 51 189
25 52 237
25 53 91
25 54 182
25 55 266
25 56 217
25 57 24
25 58 180
25 59 264
25 60 26
25 61 176
25 62 182
25 63 54
25 64 207
25 65 187
25 66 86
25 67 123
25 68 117
25 69 22
25 70 38
25 71 273
25 72 120
25 73 177
25 74 177
25 75 267
25 76 206
25 77 19
25 78 85
25 79 278
25 80 41
25 81 17
25 82 45
25 83 130
25 84 174
25 85 196
25 86 213
25 87 120
25 88 275
25 89 103
25 90 111
25 91 144
25 92 49
25 93 289
25 94 35
25 95 227
25 96 83
25 97 124
25 98 125
25 99 118
25 100 275
25 101 212
25 102 298
25 103 20
25 104 16
25 105 287
25 106 96
25 107 202
25 108 204
25 109 39
25 110 64
26 27 116
26 28 269
26 29 175
26 30 267
26 31 37
26 32 196
26 33 109
26 34 293
26 35 25
26 36 116
26 37 154
26 38 25
26 39 119
26 40 223
26 41 30
26 42 163
26 43 114
26 44 202
26 45 285
26 46 66
26 47 206
26 48 261
26 49 273
26 50 137
26 51 164
26 52 286
26 53 146
26 54 126
26 55 75
26 56 228
26 57 143
26 58 164
26 59 124
26 60 257
26 61 175
26 62 17
26 63 172
26 64 135
26 65 177
26 66 37
26 67 175
26 68 76
26 69 192
26 70 80
26 71 51
26 72 149
26 73 73
26 74 162
26 75 91
26 76 269
26 77 139
26 78 280
26 79 147
26 80 76
26 81 67
26 82 109
26 83 255
26 84 299
26 85 125
26 86 211
26 87 44
26 88 124
26 89 259
26 90 182
26 91 224
26 92 65
26 93 175
26 94 284
26 95 157
26 96 213
26 97 298
26 98 61
26 99 78
26 100 221
26 101 265
26 102 96
26 103 147
26 104 145
26 105 129
26 106 160
26 107 248
26 108 55
26 109 139
26 110 30
27 28 46
27 29 203
27 30 93
27 31 92
27 32 72
27 33 204
27 34 290
27 35 271
27 36 188
27 37 256
27 38 50
27 39 90
27 40 30
27 41 12
27 42 101
27 43 80
27 44 108
27 45 142
27 46 206
27 47 69
27 48 276
27 49 97
27 50 187
27 51 191
27 52 159
27 53 56
27 54 266
27 55 143
27 56 148
27 57 22
27 58 168
27 59 278
27 60 257
27 61 288
27 62 39
27 63 130
27 64 282
27 65 53
27 66 116
27 67 152
27 68 228
27 69 295
27 70 32
27 71 103
27 72 77
27 73 216
27 74 20
27 75 76
27 76 299
27 77 148
27 78 231
27 79 111
27 80 156
27 81 80
27 82 188
27 83 163
27 84 161
27 85 129
27 86 71
27 87 65
27 88 197
27 89 94
27 90 211
27 91 287
27 92 122
27 93 46
27 94 31
27 95 164
27 96 286
27 97 76
27 98 291
27 99 99
27 100 274
27 101 251
27 102 261
27 103 248
27 104 121
27 105 284
27 106 203
27 107 44
27 108 208
27 109 158
27 110 122
28 29 49
28 30 289
28 31 155
28 32 288
28 33 132
28 34 284
28 35 15
28 36 113
28 37 182
28 38 179
28 39 132
28 40 123
28 41 34
28 42 139
28 43 98
28 44 230
28 45 192
28 46 192
28 47 147
28 48 58
28 49 87
28 50 52
28 51 151
28 52 197
28 53 149
28 54 96
28 55 124
28 56 12
28 57 67
28 58 285
28 59 172
28 60 44
28 61 259
28 62 58
28 63 227
28 64 284
28 65 118
28 66 63
28 67 29
28 68 264
28 69 37
28 70 194
28 71 116
28 72 274
28 73 181
28 74 44
28 75 122
28 76 247
28 77 12
28 78 218
28 79 36
28 80 266
28 81 50
28 82 44
28 83 59
28 84 86
28 85 199
28 86 284
28 87 261
28 88 274
28 89 44
28 90 274
28 91 281
28 92 154
28 93 83
28 94 169
28 95 139
28 96 295
28 97 202
28 98 145
28 99 223
28 100 41
28 101 127
28 102 71
28 103 93
28 104 227
28 105 227
28 106 232
28 107 207
28 108 69
28 109 123
28 110 274
29 30 136
29 31 12
29 32 105
29 33 268
29 34 61
29 35 12
29 36 43
29 37 41
29 38 69
29 39 201
29 40 299
29 41 87
29 42 274
29 43 155
29 44 87
29 45 146
29 46 55
29 47 217
29 48 27
29 49 231
29 50 265
29 51 193
29 52 44
29 53 187
29 54 76
29 55 299
29 56 30
29 57 18
29 58 79
29 59 57
29 60 33
29 61 276
29 62 170
29 63 297
29 64 97
29 65 120
29 66 166
29 67 59
29 68 138
29 69 53
29 70 281
29 71 178
29 72 281
29 73 244
29 74 87
29 75 289
29 76 20
29 77 32
29 78 223
29 79 174
29 80 104
29 81 19
29 82 82
29 83 139
29 84 220
29 85 209
29 86 237
29 87 194
29 88 237
29 89 150
29 90 78
29 91 257
29 92 194
29 93 28
29 94 57
29 95 164
29 96 170
29 97 293
29 98 238
29 99 11
29 100 141
29 101 69
29 102 12
29 103 35
29 104 284
29 105 272
29 106 232
29 107 122
29 108 272
29 109 196
29 110 218
30 31 176
30 32 47
30 33 296
30 34 100
30 35 262
30 36 215
30 37 210
30 38 56
30 39 279
30 40 163
30 41 32
30 42 296
30 43 176
30 44 53
30 45 251
30 46 231
30 47 72
30 48 199
30 49 290
30 50 157
30 51 191
30 52 190
30 53 194
30 54 251
30 55 86
30 56 234
30 57 133
30 58 243
30 59 52
30 60 279
30 61 72
30 62 260
30 63 226
30 64 57
30 65 289
30 66 72
30 67 32
30 68 136
30 69 233
30 70 132
30 71 34
30 72 15
30 73 158
30 74 74
30 75 52
30 76 241
30 77 218
30 78 176
30 79 209
30 80 162
30 81 39
30 82 96
30 83 281
30 84 13
30 85 227
30 86 71
30 87 76
30 88 28
30 89 202
30 90 117
30 91 151
30 92 89
30 93 112
30 94 135
30 95 135
30 96 109
30 97 149
30 98 33
30 99 290
30 100 116
30 101 261
30 102 183
30 103 158
30 104 154
30 105 30
30 106 175
30 107 171
30 108 46
30 109 44
30 110 91
31 32 282
31 33 284
31 34 25
31 35 115
31 36 270
31 37 142
31 38 146
31 39 263
31 40 182
31 41 243
31 42 146
31 43 149
31 44 14
31 45 107
31 46 293
31 47 91
31 48 63
31 49 162
31 50 176
31 51 218
31 52 210
31 53 268
31 54 156
31 55 167
31 56 21
31 57 57
31 58 90
31 59 19
31 60 60
31 61 101
31 62 44
31 63 214
31 64 242
31 65 237
31 66 12
31 67 207
31 68 250
31 69 120
31 70 78
31 71 95
31 72 83
31 73 196
31 74 232
31 75 237
31 76 145
31 77 273
31 78 200
31 79 171
31 80 179
31 81 189
31 82 233
31 83 57
31 84 163
31 85 198
31 86 247
31 87 182
31 88 73
31 89 36
31 90 173
31 91 208
31 92 76
31 93 250
31 94 141
31 95 202
31 96 28
31 97 61
31 98 145
31 99 54
31 100 206
31 101 170
31 102 25
31 103 240
31 104 69
31 105 148
31 106 217
31 107 61
31 108 142
31 109 279
31 110 275
32 33 11
32 34 88
32 35 100
32 36 59
32 37 187
32 38 189
32 39 31
32 40 78
32 41 201
32 42 11
32 43 27
32 44 192
32 45 260
32 46 216
32 47 12
32 48 29
32 49 44
32 50 142
32 51 195
32 52 10
32 53 233
32 54 243
32 55 42
32 56 75
32 57 55
32 58 264
32 59 96
32 60 258
32 61 30
32 62 56
32 63 199
32 64 181
32 65 281
32 66 87
32 67 51
32 68 189
32 69 61
32 70 34
32 71 158
32 72 229
32 73 35
32 74 179
32 75 264
32 76 92
32 77 267
32 78 149
32 79 274
32 80 114
32 81 165
32 82 160
32 83 27
32 84 277
32 85 216
32 86 164
32 87 244
32 88 55
32 89 287
32 90 182
32 91 31
32 92 115
32 93 61
32 94 50
32 95 20
32 96 89
32 97 31
32 98 208
32 99 287
32 100 68
32 101 177
32 102 157
32 103 216
32 104 38
32 105 69
32 106 39
32 107 62
32 108 223
32 109 263
32 110 22
33 34 165
33 35 88
33 36 102
33 37 297
33 38 207
33 39 126
33 40 74
33 41 276
33 42 237
33 43 30
33 44 248
33 45 131
33 46 52
33 47 168
33 48 136
33 49 290
33 50 190
33 51 183
33 52 150
33 53 229
33 54 80
33 55 107
33 56 230
33 57 224
33 58 187
33 59 298
33 60 75
33 61 91
33 62 267
33 63 165
33 64 110
33 65 177
33 66 269
33 67 171
33 68 64
33 69 235
33 70 42
33 71 184
33 72 201
33 73 98
33 74 53
33 75 217
33 76 172
33 77 180
33 78 91
33 79 94
33 80 24
33 81 104
33 82 148
33 83 160
33 84 242
33 85 61
33 86 41
33 87 144
33 88 135
33 89 290
33 90 200
33 91 204
33 92 58
33 93 206
33 94 140
33 95 152
33 96 256
33 97 213
33 98 112
33 99 207
33 100 144
33 101 279
33 102 191
33 103 26
33 104 125
33 105 239
33 106 274
33 107 228
33 108 82
33 109 49
33 110 57
34 35 299
34 36 214
34 37 87
34 38 116
34 39 247
34 40 244
34 41 157
34 42 122
34 43 173
34 44 230
34 45 45
34 46 236
34 47 211
34 48 197
34 49 224
34 50 293
34 51 59
34 52 110
34 53 38
34 54 69
34 55 186
34 56 146
34 57 57
34 58 53
34 59 40
34 60 50
34 61 151
34 62 86
34 63 70
34 64 77
34 65 204
34 66 83
34 67 161
34 68 291
34 69 37
34 70 147
34 71 186
34 72 205
34 73 59
34 74 115
34 75 180
34 76 242
34 77 30
34 78 170
34 79 158
34 80 43
34 81 119
34 82 37
34 83 258
34 84 287
34 85 298
34 86 273
34 87 202
34 88 80
34 89 229
34 90 214
34 91 143
34 92 275
34 93 168
34 94 99
34 95 296
34 96 172
34 97 225
34 98 127
34 99 78
34 100 184
34 101 123
34 102 159
34 103 109
34 104 46
34 105 143
34 106 228
34 107 21
34 108 149
34 109 220
34 110 120
35 36 129
35 37 176
35 38 278
35 39 93
35 40 108
35 41 183
35 42 140
35 43 182
35 44 202
35 45 222
35 46 59
35 47 233
35 48 118
35 49 83
35 50 245
35 51 152
35 52 102
35 53 31
35 54 275
35 55 51
35 56 256
35 57 200
35 58 272
35 59 235
35 60 104
35 61 50
35 62 26
35 63 287
35 64 98
35 65 288
35 66 138
35 67 180
35 68 202
35 69 299
35 70 161
35 71 130
35 72 162
35 73 109
35 74 187
35 75 56
35 76 232
35 77 217
35 78 69
35 79 200
35 80 51
35 81 137
35 82 248
35 83 78
35 84 289
35 85 121
35 86 201
35 87 47
35 88 135
35 89 173
35 90 66
35 91 55
35 92 148
35 93 259
35 94 225
35 95 232
35 96 217
35 97 278
35 98 211
35 99 65
35 100 79
35 101 234
35 102 220
35 103 19
35 104 131
35 105 289
35 106 183
35 107 133
35 108 142
35 109 235
35 110 266
36 37 177
36 38 11
36 39 29
36 40 29
36 41 80
36 42 223
36 43 195
36 44 57
36 45 123
36 46 64
36 47 130
36 48 28
36 49 248
36 50 57
36 51 270
36 52 30
36 53 158
36 54 131
36 55 133
36 56 51
36 57 73
36 58 269
36 59 129
36 60 228
36 61 62
36 62 106
36 63 255
36 64 144
36 65 92
36 66 130
36 67 83
36 68 156
36 69 185
36 70 126
36 71 187
36 72 95
36 73 111
36 74 67
36 75 47
36 76 37
36 77 63
36 78 161
36 79 48
36 80 23
36 81 199
36 82 226
36 83 167
36 84 238
36 85 114
36 86 298
36 87 80
36 88 177
36 89 21
36 90 174
36 91 167
36 92 263
36 93 225
36 94 11
36 95 82
36 96 233
36 97 63
36 98 268
36 99 43
36 100 63
36 101 180
36 102 170
36 103 86
36 104 176
36 105 105
36 106 126
36 107 205
36 108 265
36 109 186
36 110 43
37 38 12
37 39 126
37 40 72
37 41 234
37 42 146
37 43 211
37 44 148
37 45 66
37 46 172
37 47 177
37 48 245
37 49 123
37 50 123
37 51 69
37 52 222
37 53 108
37 54 10
37 55 198
37 56 292
37 57 65
37 58 275
37 59 107
37 60 108
37 61 162
37 62 140
37 63 118
37 64 93
37 65 207
37 66 49
37 67 186
37 68 295
37 69 40
37 70 107
37 71 262
37 72 140
37 73 74
37 74 33
37 75 231
37 76 75
37 77 237
37 78 153
37 79 202
37 80 83
37 81 37
37 82 84
37 83 210
37 84 123
37 85 276
37 86 90
37 87 258
37 88 185
37 89 148
37 90 120
37 91 81
37 92 186
37 93 268
37 94 45
37 95 102
37 96 269
37 97 110
37 98 214
37 99 221
37 100 222
37 101 292
37 102 213
37 103 177
37 104 165
37 105 211
37 106 290
37 107 27
37 108 11
37 109 226
37 110 214
38 39 263
38 40 137
38 41 72
38 42 206
38 43 249
38 44 258
38 45 57
38 46 113
38 47 220
38 48 136
38 49 264
38 50 18
38 51 69
38 52 247
38 53 164
38 54 123
38 55 227
38 56 85
38 57 152
38 58 157
38 59 53
38 60 216
38 61 244
38 62 129
38 63 183
38 64 201
38 65 172
38 66 83
38 67 267
38 68 240
38 69 216
38 70 275
38 71 164
38 72 47
38 73 97
38 74 204
38 75 99
38 76 59
38 77 141
38 78 60
38 79 190
38 80 236
38 81 151
38 82 27
38 83 30
38 84 241
38 85 267
38 86 162
38 87 193
38 88 201
38 89 236
38 90 195
38 91 85
38 92 203
38 93 113
38 94 122
38 95 193
38 96 252
38 97 117
38 98 248
38 99 200
38 100 42
38 101 279
38 102 210
38 103 107
38 104 258
38 105 99
38 106 223
38 107 285
38 108 183
38 109 238
38 110 297
39 40 115
39 41 90
39 42 46
39 43 180
39 44 66
39 45 242
39 46 21
39 47 296
39 48 181
39 49 49
39 50 172
39 51 269
39 52 35
39 53 17
39 54 198
39 55 11
39 56 110
39 57 134
39 58 152
39 59 210
39 60 163
39 61 175
39 62 110
39 63 129
39 64 266
39 65 278
39 66 52
39 67 88
39 68 20
39 69 263
39 70 291
39 71 78
39 72 25
39 73 160
39 74 124
39 75 171
39 76 161
39 77 85
39 78 271
39 79 207
39 80 138
39 81 232
39 82 288
39 83 32
39 84 106
39 85 26
39 86 204
39 87 227
39 88 62
39 89 275
39 90 242
39 91 104
39 92 141
39 93 167
39 94 275
39 95 135
39 96 108
39 97 238
39 98 152
39 99 117
39 100 74
39 101 78
39 102 164
39 103 224
39 104 24
39 105 166
39 106 131
39 107 154
39 108 201
39 109 253
39 110 34
40 41 247
40 42 228
40 43 140
40 44 250
40 45 57
40 46 286
40 47 36
40 48 39
40 49 200
40 50 217
40 51 16
40 52 14
40 53 158
40 54 280
40 55 143
40 56 167
40 57 148
40 58 297
40 59 60
40 60 150
40 61 83
40 62 94
40 63 286
40 64 108
40 65 183
40 66 66
40 67 50
40 68 15
40 69 100
40 70 282
40 71 19
40 72 29
40 73 125
40 74 20
40 75 248
40 76 213
40 77 119
40 78 84
40 79 124
40 80 119
40 81 71
40 82 275
40 83 244
40 84 173
40 85 166
40 86 210
40 87 25
40 88 72
40 89 163
40 90 77
40 91 214
40 92 199
40 93 52
40 94 286
40 95 156
40 96 236
40 97 151
40 98 180
40 99 293
40 100 25
40 101 116
40 102 108
40 103 278
40 104 135
40 105 65
40 106 189
40 107 122
40 108 11
40 109 283
40 110 88
41 42 37
41 43 221
41 44 169
41 45 260
41 46 33
41 47 88
41 48 260
41 49 118
41 50 77
41 51 227
41 52 241
41 53 160
41 54 258
41 55 199
41 56 272
41 57 290
41 58 271
41 59 116
41 60 32
41 61 42
41 62 187
41 63 111
41 64 83
41 65 165
41 66 248
41 67 247
41 68 28
41 69 261
41 70 183
41 71 89
41 72 91
41 73 239
41 74 235
41 75 150
41 76 134
41 77 65
41 78 276
41 79 245
41 80 106
41 81 271
41 82 266
41 83 214
41 84 119
41 85 268
41 86 20
41 87 257
41 88 168
41 89 26
41 90 137
41 91 130
41 92 27
41 93 166
41 94 77
41 95 27
41 96 96
41 97 189
41 98 45
41 99 238
41 100 174
41 101 208
41 102 76
41 103 127
41 104 204
41 105 173
41 106 76
41 107 292
41 108 41
41 109 78
41 110 297
42 43 61
42 44 194
42 45 63
42 46 226
42 47 242
42 48 107
42 49 218
42 50 232
42 51 56
42 52 55
42 53 100
42 54 45
42 55 236
42 56 61
42 57 143
42 58 65
42 59 212
42 60 115
42 61 147
42 62 16
42 63 131
42 64 208
42 65 15
42 66 178
42 67 249
42 68 116
42 69 198
42 70 211
42 71 41
42 72 116
42 73 288
42 74 230
42 75 79
42 76 29
42 77 116
42 78 251
42 79 154
42 80 218
42 81 158
42 82 131
42 83 288
42 84 99
42 85 149
42 86 165
42 87 156
42 88 204
42 89 217
42 90 278
42 91 68
42 92 94
42 93 66
42 94 38
42 95 256
42 96 18
42 97 228
42 98 239
42 99 86
42 100 187
42 101 116
42 102 100
42 103 219
42 104 99
42 105 291
42 106 161
42 107 279
42 108 59
42 109 64
42 110 116
43 44 288
43 45 72
43 46 72
43 47 262
43 48 274
43 49 124
43 50 146
43 51 238
43 52 87
43 53 22
43 54 108
43 55 127
43 56 184
43 57 130
43 58 228
43 59 262
43 60 111
43 61 154
43 62 232
43 63 189
43 64 231
43 65 258
43 66 199
43 67 198
43 68 72
43 69 221
43 70 64
43 71 51
43 72 288
43 73 294
43 74 258
43 75 127
43 76 118
43 77 12
43 78 19
43 79 56
43 80 270
43 81 32
43 82 192
43 83 17
43 84 142
43 85 71
43 86 298
43 87 40
43 88 12
43 89 191
43 90 208
43 91 83
43 92 106
43 93 122
43 94 16
43 95 177
43 96 234
43 97 69
43 98 167
43 99 112
43 100 115
43 101 259
43 102 106
43 103 244
43 104 237
43 105 140
43 106 121
43 107 261
43 108 32
43 109 53
43 110 154
44 45 119
44 46 295
44 47 238
44 48 103
44 49 273
44 50 278
44 51 27
44 52 292
44 53 227
44 54 130
44 55 117
44 56 243
44 57 90
44 58 197
44 59 293
44 60 153
44 61 66
44 62 19
44 63 20
44 64 202
44 65 58
44 66 32
44 67 87
44 68 150
44 69 176
44 70 176
44 71 95
44 72 127
44 73 106
44 74 245
44 75 38
44 76 49
44 77 61
44 78 188
44 79 281
44 80 44
44 81 47
44 82 222
44 83 143
44 84 227
44 85 276
44 86 184
44 87 154
44 88 262
44 89 15
44 90 135
44 91 290
44 92 36
44 93 110
44 94 230
44 95 271
44 96 91
44 97 253
44 98 51
44 99 222
44 100 124
44 101 79
44 102 109
44 103 135
44 104 224
44 105 71
44 106 169
44 107 187
44 108 43
44 109 43
44 110 282
45 46 56
45 47 143
45 48 267
45 49 98
45 50 199
45 51 143
45 52 77
45 53 284
45 54 136
45 55 130
45 56 168
45 57 228
45 58 160
45 59 264
45 60 11
45 61 221
45 62 151
45 63 98
45 64 246
45 65 275
45 66 158
45 67 68
45 68 189
45 69 258
45 70 161
45 71 99
45 72 85
45 73 287
45 74 225
45 75 187
45 76 38
45 77 97
45 78 43
45 79 160
45 80 13
45 81 272
45 82 170
45 83 41
45 84 183
45 85 236
45 86 235
45 87 188
45 88 83
45 89 174
45 90 77
45 91 19
45 92 47
45 93 235
45 94 243
45 95 234
45 96 243
45 97 219
45 98 225
45 99 111
45 100 85
45 101 288
45 102 182
45 103 104
45 104 107
45 105 290
45 106 16
45 107 176
45 108 114
45 109 243
45 110 40
46 47 215
46 48 140
46 49 173
46 50 202
46 51 179
46 52 289
46 53 47
46 54 210
46 55 64
46 56 44
46 57 143
46 58 174
46 59 169
46 60 279
46 61 219
46 62 279
46 63 28
46 64 158
46 65 90
46 66 255
46 67 26
46 68 85
46 69 92
46 70 164
46 71 182
46 72 197
46 73 157
46 74 163
46 75 163
46 76 160
46 77 298
46 78 265
46 79 252
46 80 27
46 81 226
46 82 244
46 83 135
46 84 44
46 85 49
46 86 190
46 87 86
46 88 84
46 89 72
46 90 201
46 91 30
46 92 268
46 93 192
46 94 68
46 95 24
46 96 247
46 97 249
46 98 179
46 99 67
46 100 40
46 101 19
46 102 61
46 103 242
46 104 60
46 105 177
46 106 114
46 107 121
46 108 178
46 109 153
46 110 274
47 48 259
47 49 262
47 50 31
47 51 167
47 52 46
47 53 14
47 54 250
47 55 203
47 56 136
47 57 88
47 58 213
47 59 253
47 60 218
47 61 236
47 62 230
47 63 32
47 64 290
47 65 164
47 66 65
47 67 30
47 68 89
47 69 253
47 70 291
47 71 146
47 72 194
47 73 267
47 74 66
47 75 42
47 76 209
47 77 137
47 78 85
47 79 61
47 80 73
47 81 273
47 82 260
47 83 171
47 84 10
47 85 210
47 86 145
47 87 81
47 88 74
47 89 145
47 90 156
47 91 102
47 92 59
47 93 47
47 94 167
47 95 30
47 96 225
47 97 269
47 98 152
47 99 244
47 100 257
47 101 214
47 102 254
47 103 123
47 104 129
47 105 180
47 106 63
47 107 212
47 108 56
47 109 289
47 110 186
48 49 132
48 50 109
48 51 107
48 52 35
48 53 24
48 54 202
48 55 19
48 56 28
48 57 262
48 58 297
48 59 107
48 60 129
48 61 274
48 62 52
48 63 290
48 64 54
48 65 107
48 66 160
48 67 169
48 68 299
48 69 212
48 70 173
48 71 33
48 72 75
48 73 59
48 74 21
48 75 15
48 76 286
48 77 269
48 78 294
48 79 152
48 80 225
48 81 41
48 82 99
48 83 241
48 84 14
48 85 262
48 86 203
48 87 223
48 88 13
48 89 289
48 90 20
48 91 155
48 92 40
48 93 288
48 94 251
48 95 293
48 96 282
48 97 61
48 98 32
48 99 38
48 100 210
48 101 194
48 102 182
48 103 276
48 104 240
48 105 93
48 106 129
48 107 144
48 108 138
48 109 203
48 110 46
49 50 179
49 51 35
49 52 134
49 53 147
49 54 242
49 55 96
49 56 61
49 57 165
49 58 148
49 59 73
49 60 285
49 61 206
49 62 257
49 63 54
49 64 33
49 65 94
49 66 200
49 67 258
49 68 28
49 69 18
49 70 39
49 71 243
49 72 156
49 73 107
49 74 194
49 75 154
49 76 38
49 77 208
49 78 132
49 79 292
49 80 30
49 81 134
49 82 211
49 83 242
49 84 74
49 85 126
49 86 101
49 87 250
49 88 89
49 89 182
49 90 43
49 91 22
49 92 192
49 93 154
49 94 52
49 95 203
49 96 294
49 97 214
49 98 114
49 99 22
49 100 295
49 101 46
49 102 144
49 103 197
49 104 40
49 105 148
49 106 129
49 107 124
49 108 126
49 109 271
49 110 188
50 51 278
50 52 154
50 53 184
50 54 140
50 55 107
50 56 252
50 57 99
50 58 241
50 59 185
50 60 266
50 61 179
50 62 12
50 63 158
50 64 196
50 65 246
50 66 72
50 67 290
50 68 122
50 69 35
50 70 149
50 71 16
50 72 233
50 73 102
50 74 120
50 75 227
50 76 250
50 77 54
50 78 159
50 79 200
50 80 19
50 81 21
50 82 22
50 83 200
50 84 220
50 85 250
50 86 173
50 87 286
50 88 93
50 89 196
50 90 184
50 91 296
50 92 109
50 93 47
50 94 189
50 95 78
50 96 281
50 97 167
50 98 162
50 99 216
50 100 71
50 101 40
50 102 62
50 103 87
50 104 268
50 105 82
50 106 252
50 107 53
50 108 164
50 109 62
50 110 37
51 52 100
51 53 202
51 54 177
51 55 93
51 56 238
51 57 289
51 58 165
51 59 12
51 60 287
51 61 267
51 62 219
51 63 129
51 64 146
51 65 34
51 66 145
51 67 52
51 68 110
51 69 167
51 70 273
51 71 154
51 72 160
51 73 68
51 74 255
51 75 70
51 76 103
51 77 281
51 78 177
51 79 38
51 80 97
51 81 88
51 82 77
51 83 118
51 84 272
51 85 196
51 86 169
51 87 162
51 88 227
51 89 68
51 90 76
51 91 137
51 92 100
51 93 265
51 94 279
51 95 170
51 96 186
51 97 15
51 98 72
51 99 113
51 100 177
51 101 12
51 102 26
51 103 76
51 104 258
51 105 152
51 106 214
51 107 65
51 108 86
51 109 287
51 110 159
52 53 105
52 54 297
52 55 247
52 56 136
52 57 98
52 58 54
52 59 125
52 60 141
52 61 11
52 62 268
52 63 173
52 64 91
52 65 66
52 66 247
52 67 121
52 68 274
52 69 144
52 70 59
52 71 217
52 72 200
52 73 115
52 74 106
52 75 214
52 76 93
52 77 195
52 78 78
52 79 163
52 80 93
52 81 203
52 82 259
52 83 99
52 84 16
52 85 91
52 86 278
52 87 150
52 88 244
52 89 189
52 90 220
52 91 212
52 92 146
52 93 208
52 94 177
52 95 298
52 96 288
52 97 148
52 98 107
52 99 77
52 100 60
52 101 144
52 102 299
52 103 240
52 104 262
52 105 193
52 106 189
52 107 173
52 108 103
52 109 71
52 110 243
53 54 119
53 55 281
53 56 295
53 57 124
53 58 20
53 59 151
53 60 128
53 61 276
53 62 129
53 63 291
53 64 257
53 65 209
53 66 253
53 67 31
53 68 34
53 69 131
53 70 260
53 71 276
53 72 208
53 73 198
53 74 242
53 75 172
53 76 194
53 77 183
53 78 185
53 79 14
53 80 292
53 81 209
53 82 142
53 83 171
53 84 183
53 85 157
53 86 138
53 87 97
53 88 106
53 89 136
53 90 298
53 91 248
53 92 121
53 93 291
53 94 50
53 95 159
53 96 163
53 97 15
53 98 79
53 99 71
53 100 128
53 101 44
53 102 147
53 103 49
53 104 242
53 105 110
53 106 299
53 107 205
53 108 297
53 109 190
53 110 186
54 55 12
54 56 118
54 57 157
54 58 259
54 59 236
54 60 134
54 61 223
54 62 192
54 63 14
54 64 90
54 65 272
54 66 69
54 67 57
54 68 106
54 69 266
54 70 249
54 71 219
54 72 179
54 73 148
54 74 25
54 75 283
54 76 271
54 77 261
54 78 254
54 79 203
54 80 110
54 81 97
54 82 244
54 83 179
54 84 271
54 85 215
54 86 29
54 87 298
54 88 172
54 89 242
54 90 288
54 91 142
54 92 219
54 93 113
54 94 150
54 95 267
54 96 236
54 97 69
54 98 216
54 99 123
54 100 293
54 101 235
54 102 101
54 103 60
54 104 149
54 105 100
54 106 135
54 107 71
54 108 215
54 109 102
54 110 286
55 56 179
55 57 67
55 58 143
55 59 188
55 60 184
55 61 162
55 62 71
55 63 232
55 64 227
55 65 289
55 66 214
55 67 27
55 68 153
55 69 52
55 70 273
55 71 67
55 72 137
55 73 108
55 74 91
55 75 197
55 76 236
55 77 35
55 78 36
55 79 119
55 80 124
55 81 213
55 82 245
55 83 174
55 84 250
55 85 276
55 86 284
55 87 116
55 88 217
55 89 70
55 90 82
55 91 267
55 92 130
55 93 79
55 94 100
55 95 73
55 96 68
55 97 78
55 98 29
55 99 140
55 100 114
55 101 40
55 102 60
55 103 15
55 104 181
55 105 180
55 106 114
55 107 257
55 108 14
55 109 208
55 110 151
56 57 66
56 58 43
56 59 144
56 60 255
56 61 28
56 62 162
56 63 174
56 64 113
56 65 145
56 66 296
56 67 242
56 68 268
56 69 191
56 70 163
56 71 176
56 72 178
56 73 35
56 74 69
56 75 284
56 76 97
56 77 51
56 78 28
56 79 259
56 80 242
56 81 88
56 82 176
56 83 201
56 84 11
56 85 42
56 86 163
56 87 167
56 88 178
56 89 160
56 90 242
56 91 145
56 92 60
56 93 26
56 94 61
56 95 30
56 96 232
56 97 274
56 98 83
56 99 93
56 100 67
56 101 235
56 102 110
56 103 119
56 104 135
56 105 61
56 106 280
56 107 144
56 108 93
56 109 164
56 110 30
57 58 144
57 59 189
57 60 177
57 61 28
57 62 231
57 63 112
57 64 221
57 65 127
57 66 105
57 67 24
57 68 104
57 69 40
57 70 86
57 71 202
57 72 119
57 73 167
57 74 274
57 75 138
57 76 239
57 77 190
57 78 131
57 79 200
57 80 206
57 81 155
57 82 92
57 83 209
57 84 41
57 85 217
57 86 201
57 87 158
57 88 70
57 89 42
57 90 289
57 91 120
57 92 18
57 93 155
57 94 234
57 95 42
57 96 132
57 97 184
57 98 217
57 99 289
57 100 176
57 101 85
57 102 16
57 103 287
57 104 217
57 105 135
57 106 252
57 107 33
57 108 152
57 109 37
57 110 37
58 59 81
58 60 137
58 61 291
58 62 293
58 63 26
58 64 68
58 65 30
58 66 222
58 67 55
58 68 284
58 69 51
58 70 180
58 71 131
58 72 12
58 73 205
58 74 201
58 75 38
58 76 218
58 77 219
58 78 147
58 79 83
58 80 159
58 81 22
58 82 175
58 83 275
58 84 292
58 85 214
58 86 155
58 87 78
58 88 257
58 89 192
58 90 115
58 91 85
58 92 76
58 93 225
58 94 231
58 95 138
58 96 181
58 97 103
58 98 295
58 99 183
58 100 187
58 101 200
58 102 228
58 103 20
58 104 167
58 105 83
58 106 152
58 107 232
58 108 200
58 109 77
58 110 114
59 60 151
59 61 187
59 62 253
59 63 54
59 64 241
59 65 72
59 66 168
59 67 98
59 68 236
59 69 242
59 70 85
59 71 138
59 72 35
59 73 136
59 74 228
59 75 250
59 76 224
59 77 237
59 78 106
59 79 92
59 80 10
59 81 34
59 82 283
59 83 129
59 84 278
59 85 257
59 86 254
59 87 68
59 88 187
59 89 132
59 90 247
59 91 299
59 92 12
59 93 106
59 94 122
59 95 80
59 96 189
59 97 10
59 98 163
59 99 120
59 100 48
59 101 216
59 102 36
59 103 295
59 104 186
59 105 122
59 106 232
59 107 298
59 108 156
59 109 289
59 110 231
60 61 126
60 62 228
60 63 258
60 64 18
60 65 97
60 66 28
60 67 78
60 68 66
60 69 146
60 70 106
60 71 155
60 72 85
60 73 159
60 74 193
60 75 294
60 76 158
60 77 38
60 78 47
60 79 259
60 80 74
60 81 263
60 82 19
60 83 15
60 84 133
60 85 109
60 86 22
60 87 289
60 88 48
60 89 23
60 90 172
60 91 141
60 92 84
60 93 48
60 94 138
60 95 101
60 96 268
60 97 171
60 98 36
60 99 74
60 100 128
60 101 108
60 102 75
60 103 159
60 104 38
60 105 294
60 106 12
60 107 68
60 108 217
60 109 147
60 110 90
61 62 184
61 63 294
61 64 76
61 65 264
61 66 220
61 67 230
61 68 152
61 69 195
61 70 253
61 71 91
61 72 15
61 73 122
61 74 22
61 75 292
61 76 176
61 77 61
61 78 171
61 79 222
61 80 237
61 81 27
61 82 195
61 83 31
61 84 171
61 85 168
61 86 160
61 87 200
61 88 200
61 89 240
61 90 147
61 91 278
61 92 198
61 93 139
61 94 297
61 95 109
61 96 197
61 97 11
61 98 155
61 99 118
61 100 142
61 101 199
61 102 188
61 103 144
61 104 239
61 105 222
61 106 16
61 107 245
61 108 56
61 109 135
61 110 293
62 63 168
62 64 68
62 65 237
62 66 67
62 67 199
62 68 22
62 69 152
62 70 18
62 71 123
62 72 36
62 73 277
62 74 186
62 75 166
62 76 169
62 77 20
62 78 112
62 79 132
62 80 185
62 81 87
62 82 282
62 83 197
62 84 101
62 85 268
62 86 273
62 87 61
62 88 203
62 89 44
62 90 261
62 91 118
62 92 92
62 93 224
62 94 92
62 95 208
62 96 134
62 97 44
62 98 245
62 99 216
62 100 146
62 101 33
62 102 258
62 103 214
62 104 252
62 105 171
62 106 124
62 107 142
62 108 38
62 109 228
62 110 77
63 64 97
63 65 180
63 66 21
63 67 59
63 68 102
63 69 50
63 70 83
63 71 60
63 72 82
63 73 194
63 74 125
63 75 203
63 76 34
63 77 169
63 78 282
63 79 281
63 80 280
63 81 181
63 82 20
63 83 284
63 84 55
63 85 131
63 86 166
63 87 86
63 88 271
63 89 30
63 90 136
63 91 84
63 92 17
63 93 82
63 94 189
63 95 290
63 96 86
63 97 99
63 98 132
63 99 201
63 100 163
63 101 246
63 102 215
63 103 260
63 104 141
63 105 256
63 106 182
63 107 199
63 108 233
63 109 57
63 110 134
64 65 38
64 66 111
64 67 108
64 68 229
64 69 253
64 70 223
64 71 247
64 72 42
64 73 224
64 74 71
64 75 185
64 76 34
64 77 38
64 78 284
64 79 156
64 80 105
64 81 293
64 82 278
64 83 52
64 84 41
64 85 281
64 86 115
64 87 282
64 88 121
64 89 88
64 90 165
64 91 285
64 92 91
64 93 134
64 94 277
64 95 53
64 96 94
64 97 103
64 98 99
64 99 156
64 100 278
64 101 121
64 102 128
64 103 62
64 104 131
64 105 161
64 106 256
64 107 126
64 108 69
64 109 272
64 110 22
65 66 287
65 67 15
65 68 245
65 69 175
65 70 278
65 71 203
65 72 242
65 73 99
65 74 193
65 75 200
65 76 90
65 77 100
65 78 128
65 79 154
65 80 272
65 81 160
65 82 68
65 83 101
65 84 34
65 85 286
65 86 210
65 87 239
65 88 93
65 89 128
65 90 103
65 91 16
65 92 10
65 93 222
65 94 159
65 95 74
65 96 142
65 97 191
65 98 18
65 99 33
65 100 98
65 101 96
65 102 170
65 103 158
65 104 234
65 105 219
65 106 144
65 107 210
65 108 140
65 109 62
65 110 229
66 67 196
66 68 79
66 69 21
66 70 237
66 71 88
66 72 71
66 73 69
66 74 33
66 75 257
66 76 109
66 77 188
66 78 258
66 79 55
66 80 147
66 81 196
66 82 225
66 83 12
66 84 94
66 85 252
66 86 80
66 87 193
66 88 165
66 89 202
66 90 48
66 91 115
66 92 115
66 93 38
66 94 212
66 95 253
66 96 263
66 97 59
66 98 52
66 99 88
66 100 235
66 101 196
66 102 89
66 103 257
66 104 95
66 105 111
66 106 226
66 107 285
66 108 149
66 109 123
66 110 259
67 68 28
67 69 191
67 70 56
67 71 60
67 72 81
67 73 134
67 74 70
67 75 38
67 76 278
67 77 68
67 78 43
67 79 256
67 80 11
67 81 196
67 82 281
67 83 298
67 84 54
67 85 90
67 86 78
67 87 280
67 88 130
67 89 88
67 90 153
67 91 51
67 92 117
67 93 168
67 94 12
67 95 30
67 96 276
67 97 198
67 98 38
67 99 147
67 100 278
67 101 17
67 102 120
67 103 76
67 104 122
67 105 104
67 106 60
67 107 16
67 108 131
67 109 27
67 110 279
68 69 179
68 70 87
68 71 235
68 72 156
68 73 298
68 74 247
68 75 153
68 76 13
68 77 248
68 78 41
68 79 161
68 80 156
68 81 95
68 82 56
68 83 50
68 84 27
68 85 118
68 86 111
68 87 35
68 88 227
68 89 282
68 90 131
68 91 189
68 92 214
68 93 30
68 94 200
68 95 126
68 96 61
68 97 241
68 98 116
68 99 235
68 100 48
68 101 233
68 102 132
68 103 203
68 104 211
68 105 278
68 106 84
68 107 93
68 108 226
68 109 287
68 110 89
69 70 11
69 71 134
69 72 83
69 73 268
69 74 118
69 75 168
69 76 157
69 77 53
69 78 247
69 79 72
69 80 98
69 81 135
69 82 181
69 83 23
69 84 137
69 85 111
69 86 162
69 87 83
69 88 298
69 89 107
69 90 129
69 91 24
69 92 213
69 93 186
69 94 143
69 95 181
69 96 205
69 97 181
69 98 228
69 99 161
69 100 201
69 101 99
69 102 63
69 103 106
69 104 118
69 105 298
69 106 280
69 107 152
69 108 26
69 109 196
69 110 145
70 71 93
70 72 197
70 73 277
70 74 13
70 75 289
70 76 151
70 77 155
70 78 131
70 79 23
70 80 231
70 81 118
70 82 52
70 83 274
70 84 33
70 85 84
70 86 120
70 87 41
70 88 199
70 89 13
70 90 155
70 91 216
70 92 24
70 93 127
70 94 133
70 95 299
70 96 158
70 97 59
70 98 135
70 99 54
70 100 182
70 101 49
70 102 92
70 103 169
70 104 247
70 105 129
70 106 34
70 107 89
70 108 128
70 109 82
70 110 65
71 72 31
71 73 94
71 74 57
71 75 183
71 76 71
71 77 289
71 78 50
71 79 279
71 80 270
71 81 257
71 82 46
71 83 255
71 84 66
71 85 10
71 86 279
71 87 71
71 88 118
71 89 141
71 90 17
71 91 187
71 92 140
71 93 177
71 94 263
71 95 203
71 96 37
71 97 149
71 98 120
71 99 175
71 100 136
71 101 146
71 102 283
71 103 244
71 104 98
71 105 65
71 106 203
71 107 66
71 108 10
71 109 284
71 110 138
72 73 218
72 74 84
72 75 261
72 76 123
72 77 145
72 78 38
72 79 57
72 80 43
72 81 259
72 82 76
72 83 146
72 84 90
72 85 242
72 86 116
72 87 290
72 88 122
72 89 250
72 90 121
72 91 159
72 92 66
72 93 192
72 94 55
72 95 65
72 96 11
72 97 150
72 98 155
72 99 81
72 100 135
72 101 128
72 102 106
72 103 216
72 104 163
72 105 169
72 106 181
72 107 60
72 108 281
72 109 62
72 110 227
73 74 15
73 75 285
73 76 124
73 77 67
73 78 38
73 79 224
73 80 122
73 81 95
73 82 132
73 83 205
73 84 215
73 85 295
73 86 86
73 87 11
73 88 63
73 89 163
73 90 98
73 91 43
73 92 95
73 93 13
73 94 256
73 95 265
73 96 259
73 97 76
73 98 135
73 99 96
73 100 21
73 101 41
73 102 204
73 103 87
73 104 149
73 105 54
73 106 66
73 107 22
73 108 81
73 109 14
73 110 148
74 75 237
74 76 287
74 77 60
74 78 13
74 79 224
74 80 276
74 81 246
74 82 109
74 83 106
74 84 121
74 85 186
74 86 176
74 87 204
74 88 181
74 89 87
74 90 146
74 91 16
74 92 100
74 93 175
74 94 119
74 95 12
74 96 45
74 97 205
74 98 38
74 99 41
74 100 132
74 101 26
74 102 284
74 103 60
74 104 229
74 105 144
74 106 233
74 107 225
74 108 97
74 109 140
74 110 79
75 76 155
75 77 69
75 78 12
75 79 163
75 80 292
75 81 95
75 82 284
75 83 154
75 84 263
75 85 119
75 86 96
75 87 102
75 88 61
75 89 216
75 90 84
75 91 142
75 92 108
75 93 290
75 94 181
75 95 99
75 96 21
75 97 269
75 98 232
75 99 200
75 100 200
75 101 85
75 102 291
75 103 206
75 104 159
75 105 243
75 106 106
75 107 100
75 108 266
75 109 131
75 110 48
76 77 203
76 78 82
76 79 165
76 80 151
76 81 279
76 82 205
76 83 97
76 84 89
76 85 199
76 86 15
76 87 229
76 88 90
76 89 95
76 90 103
76 91 16
76 92 49
76 93 147
76 94 170
76 95 45
76 96 260
76 97 212
76 98 280
76 99 177
76 100 232
76 101 109
76 102 24
76 103 88
76 104 263
76 105 200
76 106 72
76 107 211
76 108 295
76 109 36
76 110 200
77 78 115
77 79 124
77 80 133
77 81 176
77 82 11
77 83 134
77 84 165
77 85 140
77 86 52
77 87 21
77 88 223
77 89 105
77 90 294
77 91 213
77 92 273
77 93 47
77 94 82
77 95 112
77 96 288
77 97 100
77 98 176
77 99 163
77 100 183
77 101 60
77 102 26
77 103 115
77 104 179
77 105 148
77 106 93
77 107 172
77 108 136
77 109 228
77 110 53
78 79 38
78 80 179
78 81 146
78 82 190
78 83 84
78 84 149
78 85 10
78 86 207
78 87 161
78 88 230
78 89 44
78 90 284
78 91 297
78 92 138
78 93 250
78 94 170
78 95 232
78 96 251
78 97 195
78 98 296
78 99 35
78 100 242
78 101 135
78 102 259
78 103 15
78 104 295
78 105 237
78 106 56
78 107 184
78 108 110
78 109 203
78 110 103
79 80 194
79 81 210
79 82 213
79 83 70
79 84 292
79 85 51
79 86 252
79 87 36
79 88 35
79 89 57
79 90 172
79 91 226
79 92 279
79 93 136
79 94 160
79 95 68
79 96 138
79 97 109
79 98 207
79 99 283
79 100 279
79 101 91
79 102 221
79 103 88
79 104 241
79 105 77
79 106 204
79 107 42
79 108 18
79 109 28
79 110 219
80 81 175
80 82 197
80 83 139
80 84 158
80 85 154
80 86 234
80 87 166
80 88 99
80 89 232
80 90 59
80 91 220
80 92 259
80 93 217
80 94 112
80 95 55
80 96 217
80 97 80
80 98 292
80 99 119
80 100 33
80 101 129
80 102 16
80 103 13
80 104 154
80 105 42
80 106 61
80 107 218
80 108 140
80 109 92
80 110 244
81 82 139
81 83 226
81 84 69
81 85 22
81 86 76
81 87 70
81 88 279
81 89 291
81 90 10
81 91 167
81 92 170
81 93 84
81 94 40
81 95 252
81 96 222
81 97 215
81 98 235
81 99 145
81 100 256
81 101 22
81 102 22
81 103 142
81 104 138
81 105 87
81 106 254
81 107 219
81 108 127
81 109 91
81 110 152
82 83 173
82 84 124
82 85 176
82 86 134
82 87 35
82 88 273
82 89 200
82 90 116
82 91 235
82 92 299
82 93 193
82 94 17
82 95 144
82 96 238
82 97 149
82 98 195
82 99 210
82 100 282
82 101 235
82 102 160
82 103 241
82 104 276
82 105 175
82 106 171
82 107 156
82 108 293
82 109 284
82 110 84
83 84 186
83 85 282
83 86 207
83 87 29
83 88 284
83 89 178
83 90 93
83 91 239
83 92 85
83 93 218
83 94 287
83 95 12
83 96 35
83 97 79
83 98 103
83 99 109
83 100 140
83 101 269
83 102 63
83 103 44
83 104 296
83 105 78
83 106 264
83 107 157
83 108 254
83 109 105
83 110 106
84 85 56
84 86 244
84 87 136
84 88 59
84 89 89
84 90 58
84 91 78
84 92 59
84 93 21
84 94 72
84 95 80
84 96 62
84 97 234
84 98 35
84 99 299
84 100 193
84 101 55
84 102 134
84 103 291
84 104 121
84 105 298
84 106 49
84 107 75
84 108 56
84 109 158
84 110 106
85 86 208
85 87 76
85 88 72
85 89 130
85 90 171
85 91 273
85 92 167
85 93 25
85 94 95
85 95 226
85 96 281
85 97 226
85 98 40
85 99 44
85 100 87
85 101 292
85 102 247
85 103 124
85 104 20
85 105 228
85 106 28
85 107 61
85 108 33
85 109 19
85 110 79
86 87 270
86 88 118
86 89 158
86 90 220
86 91 43
86 92 268
86 93 191
86 94 199
86 95 112
86 96 66
86 97 59
86 98 281
86 99 208
86 100 213
86 101 111
86 102 34
86 103 228
86 104 116
86 105 53
86 106 168
86 107 79
86 108 213
86 109 51
86 110 206
87 88 247
87 89 168
87 90 232
87 91 220
87 92 137
87 93 255
87 94 156
87 95 207
87 96 184
87 97 275
87 98 289
87 99 290
87 100 209
87 101 73
87 102 23
87 103 218
87 104 294
87 105 98
87 106 180
87 107 45
87 108 71
87 109 163
87 110 291
88 89 15
88 90 233
88 91 230
88 92 250
88 93 20
88 94 198
88 95 147
88 96 137
88 97 22
88 98 99
88 99 267
88 100 162
88 101 294
88 102 293
88 103 70
88 104 286
88 105 19
88 106 73
88 107 136
88 108 299
88 109 125
88 110 187
89 90 299
89 91 270
89 92 281
89 93 161
89 94 273
89 95 246
89 96 262
89 97 138
89 98 220
89 99 184
89 100 48
89 101 293
89 102 112
89 103 70
89 104 212
89 105 115
89 106 96
89 107 297
89 108 29
89 109 140
89 110 276
90 91 172
90 92 43
90 93 54
90 94 61
90 95 119
90 96 187
90 97 18
90 98 37
90 99 40
90 100 124
90 101 268
90 102 62
90 103 276
90 104 154
90 105 134
90 106 263
90 107 58
90 108 261
90 109 140
90 110 89
91 92 285
91 93 299
91 94 281
91 95 241
91 96 274
91 97 273
91 98 63
91 99 202
91 100 163
91 101 155
91 102 62
91 103 10
91 104 195
91 105 109
91 106 142
91 107 173
91 108 77
91 109 217
91 110 254
92 93 198
92 94 228
92 95 204
92 96 207
92 97 57
92 98 145
92 99 275
92 100 219
92 101 267
92 102 83
92 103 75
92 104 59
92 105 22
92 106 260
92 107 208
92 108 180
92 109 169
92 110 134
93 94 78
93 95 93
93 96 189
93 97 227
93 98 155
93 99 39
93 100 145
93 101 246
93 102 296
93 103 41
93 104 279
93 105 219
93 106 15
93 107 42
93 108 291
93 109 228
93 110 251
94 95 192
94 96 285
94 97 169
94 98 287
94 99 165
94 100 135
94 101 218
94 102 292
94 103 149
94 104 187
94 105 271
94 106 142
94 107 135
94 108 33
94 109 141
94 110 295
95 96 18
95 97 111
95 98 259
95 99 285
95 100 110
95 101 126
95 102 18
95 103 96
95 104 177
95 105 11
95 106 75
95 107 171
95 108 151
95 109 293
95 110 84
96 97 42
96 98 253
96 99 161
96 100 57
96 101 215
96 102 225
96 103 37
96 104 159
96 105 211
96 106 21
96 107 122
96 108 201
96 109 171
96 110 89
97 98 116
97 99 69
97 100 191
97 101 36
97 102 34
97 103 280
97 104 88
97 105 180
97 106 129
97 107 78
97 108 118
97 109 75
97 110 274
98 99 164
98 100 127
98 101 140
98 102 99
98 103 21
98 104 235
98 105 279
98 106 267
98 107 148
98 108 44
98 109 10
98 110 177
99 100 151
99 101 73
99 102 37
99 103 175
99 104 286
99 105 36
99 106 270
99 107 143
99 108 180
99 109 18
99 110 36
100 101 199
100 102 41
100 103 127
100 104 216
100 105 137
100 106 272
100 107 100
100 108 217
100 109 60
100 110 235
101 102 205
101 103 197
101 104 208
101 105 56
101 106 118
101 107 114
101 108 274
101 109 58
101 110 34
102 103 263
102 104 125
102 105 222
102 106 231
102 107 259
102 108 26
102 109 157
102 110 263
103 104 36
103 105 208
103 106 156
103 107 109
103 108 136
103 109 242
103 110 20
104 105 290
104 106 163
104 107 243
104 108 136
104 109 43
104 110 212
105 106 226
105 107 30
105 108 142
105 109 143
105 110 260
106 107 209
106 108 229
106 109 179
106 110 21
107 108 170
107 109 191
107 110 193
108 109 26
108 110 196
109 110 231
