100 4950
1 2 160
1 3 19
1 4 207
1 5 194
1 6 96
1 7 95
1 8 204
1 9 243
1 10 178
1 11 67
1 12 136
1 13 50
1 14 190
1 15 243
1 16 154
1 17 168
1 18 228
1 19 103
1 20 68
1 21 172
1 22 27
1 23 41
1 24 62
1 25 234
1 26 233
1 27 55
1 28 249
1 29 17
1 30 162
1 31 14
1 32 28
1 33 17
1 34 141
1 35 127
1 36 137
1 37 80
1 38 37
1 39 134
1 40 210
1 41 66
1 42 54
1 43 210
1 44 141
1 45 125
1 46 42
1 47 67
1 48 158
1 49 217
1 50 213
1 51 200
1 52 249
1 53 290
1 54 137
1 55 95
1 56 88
1 57 157
1 58 119
1 59 94
1 60 86
1 61 65
1 62 161
1 63 182
1 64 198
1 65 266
1 66 79
1 67 69
1 68 50
1 69 231
1 70 26
1 71 206
1 72 259
1 73 183
1 74 110
1 75 182
1 76 123
1 77 208
1 78 234
1 79 56
1 80 70
1 81 220
1 82 268
1 83 285
1 84 114
1 85 224
1 86 274
1 87 128
1 88 255
1 89 248
1 90 237
1 91 109
1 92 152
1 93 226
1 94 85
1 95 93
1 96 106
1 97 64
1 98 231
1 99 201
1 100 202
2 3 141
2 4 293
2 5 58
2 6 279
2 7 210
2 8 204
2 9 257
2 10 67
2 11 145
2 12 92
2 13 199
2 14 143
2 15 125
2 16 72
2 17 273
2 18 211
2 19 279
2 20 117
2 21 36
2 22 10
2 23 207
2 24 128
2 25 93
2 26 180
2 27 104
2 28 21
2 29 220
2 30 69
2 31 23
2 32 210
2 33 32
2 34 87
2 35 89
2 36 282
2 37 92
2 38 204
2 39 170
2 40 260
2 41 233
2 42 218
2 43 268
2 44 55
2 45 98
2 46 247
2 47 97
2 48 53
2 49 253
2 50 67
2 51 167
2 52 160
2 53 37
2 54 32
2 55 80
2 56 11
2 57 198
2 58 43
2 59 119
2 60 124
2 61 259
2 62 161
2 63 248
2 64 117
2 65 182
2 66 165
2 67 285
2 68 195
2 69 144
2 70 257
2 71 63
2 72 197
2 73 52
2 74 31
2 75 265
2 76 117
2 77 89
2 78 206
2 79 71
2 80 282
2 81 63
2 82 253
2 83 117
2 84 38
2 85 77
2 86 55
2 87 104
2 88 164
2 89 140
2 90 283
2 91 256
2 92 248
2 93 111
2 94 118
2 95 207
2 96 254
2 97 13
2 98 115
2 99 244
2 100 287
3 4 203
3 5 220
3 6 199
3 7 299
3 8 159
3 9 58
3 10 118
3 11 119
3 12 183
3 13 26
3 14 36
3 15 299
3 16 260
3 17 83
3 18 26
3 19 29
3 20 67
3 21 200
3 22 167
3 23 72
3 24 223
3 25 109
3 26 39
3 27 165
3 28 13
3 29 136
3 30 234
3 31 239
3 32 163
3 33 19
3 34 226
3 35 258
3 36 99
3 37 113
3 38 195
3 39 267
3 40 272
3 41 13
3 42 298
3 43 100
3 44 222
3 45 234
3 46 116
3 47 241
3 48 42
3 49 252
3 50 233
3 51 222
3 52 117
3 53 289
3 54 104
3 55 69
3 56 182
3 57 15
3 58 247
3 59 291
3 60 270
3 61 122
3 62 188
3 63 278
3 64 17
3 65 13
3 66 33
3 67 111
3 68 44
3 69 269
3 70 277
3 71 23
3 72 86
3 73 60
3 74 101
3 75 171
3 76 163
3 77 26
3 78 57
3 79 28
3 80 272
3 81 159
3 82 83
3 83 83
3 84 232
3 85 181
3 86 230
3 87 184
3 88 208
3 89 62
3 90 176
3 91 206
3 92 182
3 93 24
3 94 136
3 95 175
3 96 140
3 97 104
3 98 158
3 99 39
3 100 141
4 5 178
4 6 140
4 7 19
4 8 86
4 9 37
4 10 200
4 11 226
4 12 25
4 13 19
4 14 137
4 15 167
4 16 79
4 17 184
4 18 60
4 19 214
4 20 210
4 21 131
4 22 211
4 23 182
4 24 149
4 25 26
4 26 285
4 27 289
4 28 19
4 29 82
4 30 244
4 31 204
4 32 271
4 33 43
4 34 40
4 35 76
4 36 55
4 37 147
4 38 105
4 39 93
4 40 20
4 41 297
4 42 219
4 43 60
4 44 101
4 45 107
4 46 119
4 47 253
4 48 187
4 49 277
4 50 132
4 51 295
4 52 106
4 53 42
4 54 296
4 55 254
4 56 12
4 57 39
4 58 139
4 59 128
4 60 86
4 61 285
4 62 130
4 63 234
4 64 282
4 65 35
4 66 146
4 67 189
4 68 292
4 69 216
4 70 67
4 71 83
4 72 125
4 73 199
4 74 299
4 75 66
4 76 41
4 77 204
4 78 98
4 79 230
4 80 88
4 81 146
4 82 298
4 83 117
4 84 81
4 85 256
4 86 58
4 87 151
4 88 284
4 89 240
4 90 82
4 91 230
4 92 80
4 93 78
4 94 76
4 95 115
4 96 51
4 97 252
4 98 70
4 99 234
4 100 73
5 6 96
5 7 237
5 8 77
5 9 277
5 10 202
5 11 239
5 12 78
5 13 170
5 14 41
5 15 152
5 16 274
5 17 72
5 18 269
5 19 78
5 20 149
5 21 201
5 22 88
5 23 41
5 24 189
5 25 203
5 26 159
5 27 274
5 28 165
5 29 122
5 30 48
5 31 160
5 32 282
5 33 263
5 34 278
5 35 11
5 36 61
5 37 282
5 38 189
5 39 266
5 40 111
5 41 274
5 42 225
5 43 179
5 44 89
5 45 160
5 46 184
5 47 140
5 48 162
5 49 194
5 50 245
5 51 92
5 52 207
5 53 123
5 54 78
5 55 109
5 56 170
5 57 98
5 58 210
5 59 78
5 60 107
5 61 146
5 62 90
5 63 279
5 64 51
5 65 61
5 66 169
5 67 76
5 68 247
5 69 254
5 70 104
5 71 84
5 72 72
5 73 279
5 74 208
5 75 219
5 76 91
5 77 25
5 78 179
5 79 73
5 80 67
5 81 133
5 82 289
5 83 253
5 84 255
5 85 119
5 86 216
5 87 186
5 88 192
5 89 175
5 90 265
5 91 211
5 92 86
5 93 25
5 94 171
5 95 188
5 96 58
5 97 111
5 98 216
5 99 184
5 100 50
6 7 87
6 8 32
6 9 207
6 10 219
6 11 95
6 12 10
6 13 291
6 14 194
6 15 16
6 16 217
6 17 285
6 18 225
6 19 256
6 20 259
6 21 188
6 22 96
6 23 295
6 24 32
6 25 113
6 26 281
6 27 260
6 28 90
6 29 274
6 30 35
6 31 126
6 32 52
6 33 250
6 34 103
6 35 168
6 36 208
6 37 142
6 38 65
6 39 262
6 40 174
6 41 209
6 42 164
6 43 124
6 44 284
6 45 227
6 46 191
6 47 86
6 48 205
6 49 28
6 50 60
6 51 253
6 52 54
6 53 39
6 54 80
6 55 54
6 56 52
6 57 270
6 58 279
6 59 171
6 60 59
6 61 238
6 62 175
6 63 19
6 64 247
6 65 68
6 66 286
6 67 58
6 68 299
6 69 278
6 70 100
6 71 299
6 72 119
6 73 84
6 74 117
6 75 139
6 76 159
6 77 110
6 78 72
6 79 267
6 80 93
6 81 216
6 82 163
6 83 296
6 84 98
6 85 231
6 86 97
6 87 292
6 88 107
6 89 62
6 90 74
6 91 224
6 92 215
6 93 227
6 94 201
6 95 279
6 96 124
6 97 235
6 98 209
6 99 206
6 100 214
7 8 124
7 9 276
7 10 106
7 11 262
7 12 113
7 13 157
7 14 74
7 15 68
7 16 192
7 17 95
7 18 251
7 19 37
7 20 174
7 21 114
7 22 194
7 23 37
7 24 108
7 25 187
7 26 56
7 27 32
7 28 76
7 29 186
7 30 178
7 31 34
7 32 279
7 33 115
7 34 159
7 35 15
7 36 126
7 37 134
7 38 182
7 39 54
7 40 16
7 41 154
7 42 42
7 43 272
7 44 185
7 45 41
7 46 190
7 47 225
7 48 84
7 49 74
7 50 36
7 51 219
7 52 239
7 53 232
7 54 173
7 55 53
7 56 136
7 57 281
7 58 165
7 59 14
7 60 53
7 61 167
7 62 228
7 63 78
7 64 36
7 65 216
7 66 255
7 67 226
7 68 43
7 69 46
7 70 129
7 71 155
7 72 173
7 73 191
7 74 125
7 75 191
7 76 148
7 77 108
7 78 137
7 79 281
7 80 287
7 81 150
7 82 137
7 83 169
7 84 174
7 85 288
7 86 154
7 87 241
7 88 257
7 89 294
7 90 121
7 91 122
7 92 147
7 93 278
7 94 91
7 95 286
7 96 42
7 97 295
7 98 103
7 99 65
7 100 218
8 9 68
8 10 97
8 11 54
8 12 271
8 13 193
8 14 93
8 15 151
8 16 213
8 17 201
8 18 168
8 19 14
8 20 244
8 21 290
8 22 114
8 23 72
8 24 188
8 25 194
8 26 28
8 27 147
8 28 215
8 29 220
8 30 291
8 31 180
8 32 291
8 33 289
8 34 125
8 35 85
8 36 185
8 37 187
8 38 223
8 39 56
8 40 230
8 41 236
8 42 162
8 43 231
8 44 27
8 45 241
8 46 72
8 47 17
8 48 52
8 49 25
8 50 290
8 51 226
8 52 108
8 53 58
8 54 123
8 55 163
8 56 171
8 57 274
8 58 148
8 59 87
8 60 273
8 61 148
8 62 36
8 63 143
8 64 125
8 65 10
8 66 45
8 67 82
8 68 212
8 69 164
8 70 272
8 71 99
8 72 141
8 73 79
8 74 238
8 75 190
8 76 136
8 77 14
8 78 291
8 79 98
8 80 275
8 81 240
8 82 85
8 83 15
8 84 296
8 85 102
8 86 246
8 87 81
8 88 110
8 89 238
8 90 221
8 91 270
8 92 123
8 93 53
8 94 287
8 95 271
8 96 107
8 97 215
8 98 190
8 99 10
8 100 213
9 10 117
9 11 76
9 12 294
9 13 99
9 14 215
9 15 235
9 16 299
9 17 214
9 18 120
9 19 39
9 20 189
9 21 260
9 22 145
9 23 37
9 24 230
9 25 99
9 26 27
9 27 139
9 28 172
9 29 234
9 30 184
9 31 36
9 32 161
9 33 178
9 34 160
9 35 67
9 36 236
9 37 146
9 38 146
9 39 191
9 40 133
9 41 29
9 42 254
9 43 214
9 44 60
9 45 228
9 46 144
9 47 243
9 48 47
9 49 70
9 50 57
9 51 73
9 52 155
9 53 266
9 54 48
9 55 259
9 56 41
9 57 175
9 58 219
9 59 161
9 60 56
9 61 107
9 62 69
9 63 256
9 64 22
9 65 148
9 66 47
9 67 60
9 68 262
9 69 124
9 70 213
9 71 219
9 72 24
9 73 227
9 74 204
9 75 109
9 76 27
9 77 161
9 78 34
9 79 158
9 80 277
9 81 69
9 82 175
9 83 185
9 84 18
9 85 198
9 86 210
9 87 286
9 88 257
9 89 41
9 90 31
9 91 293
9 92 72
9 93 150
9 94 159
9 95 295
9 96 23
9 97 239
9 98 41
9 99 49
9 100 240
10 11 73
10 12 17
10 13 291
10 14 291
10 15 50
10 16 33
10 17 262
10 18 157
10 19 176
10 20 256
10 21 94
10 22 245
10 23 280
10 24 53
10 25 172
10 26 192
10 27 278
10 28 286
10 29 138
10 30 72
10 31 262
10 32 141
10 33 133
10 34 105
10 35 129
10 36 142
10 37 127
10 38 178
10 39 224
10 40 54
10 41 213
10 42 289
10 43 199
10 44 235
10 45 120
10 46 180
10 47 163
10 48 187
10 49 74
10 50 284
10 51 100
10 52 114
10 53 290
10 54 75
10 55 289
10 56 253
10 57 182
10 58 259
10 59 236
10 60 61
10 61 29
10 62 208
10 63 262
10 64 30
10 65 75
10 66 70
10 67 48
10 68 112
10 69 58
10 70 281
10 71 163
10 72 202
10 73 218
10 74 217
10 75 104
10 76 96
10 77 101
10 78 221
10 79 250
10 80 47
10 81 250
10 82 184
10 83 246
10 84 63
10 85 235
10 86 64
10 87 201
10 88 235
10 89 283
10 90 22
10 91 106
10 92 49
10 93 284
10 94 57
10 95 48
10 96 181
10 97 292
10 98 232
10 99 132
10 100 215
11 12 135
11 13 218
11 14 108
11 15 284
11 16 73
11 17 205
11 18 192
11 19 207
11 20 93
11 21 299
11 22 34
11 23 279
11 24 264
11 25 229
11 26 33
11 27 77
11 28 82
11 29 199
11 30 220
11 31 74
11 32 180
11 33 274
11 34 264
11 35 289
11 36 122
11 37 243
11 38 70
11 39 190
11 40 143
11 41 240
11 42 17
11 43 292
11 44 19
11 45 104
11 46 90
11 47 115
11 48 201
11 49 104
11 50 244
11 51 107
11 52 125
11 53 204
11 54 111
11 55 141
11 56 151
11 57 71
11 58 204
11 59 95
11 60 243
11 61 293
11 62 244
11 63 67
11 64 247
11 65 137
11 66 121
11 67 50
11 68 130
11 69 150
11 70 144
11 71 289
11 72 139
11 73 92
11 74 96
11 75 226
11 76 113
11 77 296
11 78 243
11 79 170
11 80 25
11 81 164
11 82 38
11 83 149
11 84 25
11 85 85
11 86 66
11 87 15
11 88 274
11 89 180
11 90 183
11 91 205
11 92 76
11 93 124
11 94 136
11 95 186
11 96 126
11 97 266
11 98 60
11 99 262
11 100 92
12 13 182
12 14 26
12 15 45
12 16 277
12 17 172
12 18 128
12 19 238
12 20 184
12 21 25
12 22 224
12 23 218
12 24 133
12 25 154
12 26 130
12 27 216
12 28 222
12 29 91
12 30 215
12 31 10
12 32 136
12 33 123
12 34 110
12 35 18
12 36 220
12 37 265
12 38 266
12 39 18
12 40 54
12 41 134
12 42 137
12 43 50
12 44 226
12 45 62
12 46 281
12 47 80
12 48 87
12 49 291
12 50 27
12 51 34
12 52 163
12 53 298
12 54 251
12 55 294
12 56 213
12 57 200
12 58 86
12 59 198
12 60 130
12 61 124
12 62 93
12 63 138
12 64 198
12 65 195
12 66 184
12 67 55
12 68 50
12 69 279
12 70 188
12 71 139
12 72 112
12 73 258
12 74 115
12 75 283
12 76 20
12 77 154
12 78 108
12 79 279
12 80 278
12 81 245
12 82 245
12 83 133
12 84 228
12 85 185
12 86 152
12 87 239
12 88 284
12 89 124
12 90 102
12 91 92
12 92 243
12 93 65
12 94 143
12 95 266
12 96 215
12 97 118
12 98 258
12 99 67
12 100 96
13 14 28
13 15 159
13 16 165
13 17 252
13 18 266
13 19 16
13 20 11
13 21 115
13 22 253
13 23 232
13 24 148
13 25 147
13 26 205
13 27 197
13 28 32
13 29 89
13 30 245
13 31 227
13 32 25
13 33 28
13 34 14
13 35 283
13 36 151
13 37 82
13 38 211
13 39 98
13 40 120
13 41 103
13 42 119
13 43 258
13 44 255
13 45 100
13 46 208
13 47 35
13 48 34
13 49 60
13 50 235
13 51 110
13 52 239
13 53 153
13 54 158
13 55 165
13 56 61
13 57 243
13 58 167
13 59 160
13 60 163
13 61 39
13 62 62
13 63 284
13 64 73
13 65 243
13 66 158
13 67 34
13 68 233
13 69 216
13 70 237
13 71 136
13 72 87
13 73 91
13 74 115
13 75 187
13 76 161
13 77 141
13 78 116
13 79 134
13 80 159
13 81 281
13 82 138
13 83 52
13 84 220
13 85 262
13 86 207
13 87 129
13 88 180
13 89 269
13 90 215
13 91 147
13 92 20
13 93 71
13 94 44
13 95 296
13 96 18
13 97 195
13 98 178
13 99 242
13 100 21
14 15 172
14 16 197
14 17 15
14 18 210
14 19 261
14 20 162
14 21 79
14 22 54
14 23 197
14 24 131
14 25 122
14 26 272
14 27 128
14 28 77
14 29 159
14 30 194
14 31 289
14 32 130
14 33 123
14 34 273
14 35 161
14 36 11
14 37 102
14 38 165
14 39 152
14 40 39
14 41 157
14 42 270
14 43 24
14 44 146
14 45 221
14 46 242
14 47 268
14 48 220
14 49 109
14 50 194
14 51 132
14 52 158
14 53 232
14 54 253
14 55 228
14 56 171
14 57 256
14 58 62
14 59 130
14 60 133
14 61 14
14 62 272
14 63 112
14 64 42
14 65 131
14 66 123
14 67 136
14 68 11
14 69 168
14 70 85
14 71 283
14 72 185
14 73 163
14 74 150
14 75 147
14 76 214
14 77 176
14 78 110
14 79 20
14 80 205
14 81 25
14 82 212
14 83 104
14 84 84
14 85 207
14 86 288
14 87 219
14 88 139
14 89 265
14 90 114
14 91 213
14 92 204
14 93 22
14 94 157
14 95 160
14 96 265
14 97 293
14 98 227
14 99 90
14 100 261
15 16 56
15 17 78
15 18 16
15 19 183
15 20 187
15 21 33
15 22 271
15 23 252
15 24 117
15 25 196
15 26 161
15 27 295
15 28 218
15 29 212
15 30 200
15 31 20
15 32 284
15 33 48
15 34 226
15 35 193
15 36 101
15 37 77
15 38 35
15 39 64
15 40 222
15 41 177
15 42 29
15 43 54
15 44 124
15 45 35
15 46 209
15 47 12
15 48 245
15 49 193
15 50 260
15 51 123
15 52 227
15 53 78
15 54 240
15 55 189
15 56 277
15 57 74
15 58 140
15 59 196
15 60 63
15 61 218
15 62 55
15 63 121
15 64 286
15 65 16
15 66 158
15 67 124
15 68 258
15 69 276
15 70 265
15 71 21
15 72 35
15 73 100
15 74 107
15 75 31
15 76 46
15 77 254
15 78 107
15 79 111
15 80 34
15 81 249
15 82 103
15 83 193
15 84 261
15 85 106
15 86 219
15 87 143
15 88 135
15 89 15
15 90 210
15 91 245
15 92 173
15 93 171
15 94 226
15 95 294
15 96 196
15 97 237
15 98 94
15 99 123
15 100 256
16 17 177
16 18 222
16 19 28
16 20 73
16 21 294
16 22 287
16 23 218
16 24 139
16 25 101
16 26 114
16 27 271
16 28 265
16 29 274
16 30 168
16 31 28
16 32 52
16 33 274
16 34 32
16 35 115
16 36 178
16 37 95
16 38 264
16 39 99
16 40 85
16 41 11
16 42 95
16 43 169
16 44 70
16 45 97
16 46 109
16 47 137
16 48 140
16 49 264
16 50 179
16 51 207
16 52 179
16 53 110
16 54 276
16 55 296
16 56 105
16 57 138
16 58 76
16 59 245
16 60 116
16 61 110
16 62 106
16 63 154
16 64 252
16 65 93
16 66 16
16 67 36
16 68 87
16 69 255
16 70 101
16 71 248
16 72 206
16 73 240
16 74 11
16 75 76
16 76 173
16 77 285
16 78 239
16 79 70
16 80 270
16 81 130
16 82 23
16 83 67
16 84 47
16 85 197
16 86 105
16 87 132
16 88 168
16 89 289
16 90 100
16 91 260
16 92 224
16 93 70
16 94 121
16 95 43
16 96 283
16 97 297
16 98 219
16 99 123
16 100 182
17 18 55
17 19 260
17 20 260
17 21 219
17 22 240
17 23 244
17 24 47
17 25 218
17 26 114
17 27 177
17 28 231
17 29 79
17 30 147
17 31 118
17 32 286
17 33 229
17 34 207
17 35 292
17 36 89
17 37 211
17 38 152
17 39 142
17 40 151
17 41 21
17 42 100
17 43 19
17 44 33
17 45 195
17 46 251
17 47 209
17 48 82
17 49 66
17 50 191
17 51 106
17 52 76
17 53 247
17 54 289
17 55 271
17 56 143
17 57 147
17 58 187
17 59 207
17 60 195
17 61 243
17 62 141
17 63 201
17 64 42
17 65 248
17 66 255
17 67 66
17 68 69
17 69 156
17 70 175
17 71 258
17 72 266
17 73 113
17 74 199
17 75 272
17 76 198
17 77 138
17 78 266
17 79 194
17 80 148
17 81 237
17 82 20
17 83 262
17 84 40
17 85 239
17 86 155
17 87 136
17 88 39
17 89 162
17 90 216
17 91 135
17 92 50
17 93 93
17 94 264
17 95 140
17 96 180
17 97 33
17 98 146
17 99 140
17 100 137
18 19 228
18 20 202
18 21 247
18 22 140
18 23 124
18 24 298
18 25 164
18 26 266
18 27 121
18 28 130
18 29 140
18 30 135
18 31 223
18 32 127
18 33 103
18 34 256
18 35 231
18 36 204
18 37 243
18 38 102
18 39 22
18 40 273
18 41 285
18 42 25
18 43 183
18 44 18
18 45 146
18 46 246
18 47 118
18 48 140
18 49 80
18 50 176
18 51 265
18 52 103
18 53 101
18 54 276
18 55 259
18 56 123
18 57 90
18 58 137
18 59 79
18 60 123
18 61 120
18 62 153
18 63 269
18 64 195
18 65 62
18 66 114
18 67 218
18 68 230
18 69 217
18 70 108
18 71 186
18 72 199
18 73 31
18 74 85
18 75 67
18 76 205
18 77 52
18 78 122
18 79 198
18 80 207
18 81 296
18 82 78
18 83 15
18 84 36
18 85 212
18 86 118
18 87 256
18 88 123
18 89 140
18 90 220
18 91 258
18 92 101
18 93 14
18 94 209
18 95 93
18 96 198
18 97 13
18 98 115
18 99 102
18 100 154
19 20 284
19 21 189
19 22 103
19 23 283
19 24 208
19 25 281
19 26 213
19 27 77
19 28 168
19 29 124
19 30 295
19 31 133
19 32 98
19 33 133
19 34 49
19 35 109
19 36 152
19 37 118
19 38 267
19 39 236
19 40 22
19 41 109
19 42 188
19 43 273
19 44 63
19 45 297
19 46 204
19 47 118
19 48 125
19 49 288
19 50 44
19 51 281
19 52 83
19 53 223
19 54 242
19 55 92
19 56 89
19 57 281
19 58 246
19 59 134
19 60 105
19 61 245
19 62 24
19 63 271
19 64 203
19 65 135
19 66 252
19 67 243
19 68 154
19 69 91
19 70 163
19 71 39
19 72 100
19 73 62
19 74 106
19 75 163
19 76 33
19 77 119
19 78 60
19 79 106
19 80 75
19 81 45
19 82 38
19 83 208
19 84 230
19 85 145
19 86 165
19 87 203
19 88 110
19 89 15
19 90 169
19 91 126
19 92 106
19 93 38
19 94 191
19 95 203
19 96 104
19 97 122
19 98 36
19 99 68
19 100 96
20 21 202
20 22 85
20 23 267
20 24 81
20 25 279
20 26 80
20 27 59
20 28 180
20 29 111
20 30 130
20 31 67
20 32 35
20 33 23
20 34 163
20 35 239
20 36 243
20 37 295
20 38 240
20 39 127
20 40 110
20 41 210
20 42 14
20 43 135
20 44 98
20 45 52
20 46 200
20 47 161
20 48 102
20 49 30
20 50 239
20 51 181
20 52 126
20 53 59
20 54 299
20 55 239
20 56 151
20 57 92
20 58 220
20 59 112
20 60 13
20 61 223
20 62 191
20 63 271
20 64 84
20 65 169
20 66 126
20 67 43
20 68 264
20 69 104
20 70 293
20 71 130
20 72 218
20 73 45
20 74 280
20 75 96
20 76 88
20 77 287
20 78 62
20 79 145
20 80 229
20 81 194
20 82 177
20 83 20
20 84 14
20 85 220
20 86 144
20 87 189
20 88 185
20 89 101
20 90 228
20 91 170
20 92 44
20 93 142
20 94 150
20 95 124
20 96 184
20 97 264
20 98 180
20 99 77
20 100 248
21 22 284
21 23 297
21 24 55
21 25 188
21 26 227
21 27 77
21 28 45
21 29 65
21 30 236
21 31 195
21 32 44
21 33 39
21 34 112
21 35 195
21 36 65
21 37 141
21 38 22
21 39 190
21 40 157
21 41 283
21 42 181
21 43 257
21 44 294
21 45 207
21 46 189
21 47 45
21 48 219
21 49 263
21 50 92
21 51 269
21 52 88
21 53 297
21 54 50
21 55 197
21 56 290
21 57 46
21 58 21
21 59 295
21 60 211
21 61 159
21 62 133
21 63 182
21 64 77
21 65 58
21 66 169
21 67 268
21 68 159
21 69 132
21 70 280
21 71 164
21 72 272
21 73 40
21 74 296
21 75 251
21 76 128
21 77 19
21 78 92
21 79 138
21 80 258
21 81 223
21 82 253
21 83 111
21 84 59
21 85 241
21 86 262
21 87 255
21 88 15
21 89 221
21 90 135
21 91 249
21 92 246
21 93 174
21 94 39
21 95 261
21 96 11
21 97 26
21 98 13
21 99 216
21 100 263
22 23 111
22 24 290
22 25 247
22 26 176
22 27 269
22 28 47
22 29 197
22 30 35
22 31 76
22 32 234
22 33 184
22 34 37
22 35 10
22 36 200
22 37 258
22 38 299
22 39 230
22 40 45
22 41 71
22 42 91
22 43 286
22 44 84
22 45 17
22 46 297
22 47 53
22 48 159
22 49 84
22 50 23
22 51 30
22 52 122
22 53 44
22 54 93
22 55 164
22 56 194
22 57 135
22 58 269
22 59 218
22 60 264
22 61 133
22 62 239
22 63 60
22 64 187
22 65 285
22 66 60
22 67 252
22 68 52
22 69 212
22 70 102
22 71 14
22 72 209
22 73 158
22 74 61
22 75 299
22 76 18
22 77 91
22 78 238
22 79 12
22 80 28
22 81 225
22 82 82
22 83 272
22 84 130
22 85 210
22 86 121
22 87 109
22 88 179
22 89 228
22 90 257
22 91 106
22 92 100
22 93 185
22 94 230
22 95 121
22 96 82
22 97 27
22 98 109
22 99 192
22 100 208
23 24 238
23 25 297
23 26 197
23 27 260
23 28 148
23 29 106
23 30 172
23 31 93
23 32 17
23 33 282
23 34 171
23 35 130
23 36 133
23 37 122
23 38 138
23 39 235
23 40 284
23 41 139
23 42 171
23 43 299
23 44 176
23 45 269
23 46 253
23 47 23
23 48 235
23 49 25
23 50 140
23 51 131
23 52 65
23 53 121
23 54 240
23 55 223
23 56 250
23 57 202
23 58 247
23 59 51
23 60 261
23 61 259
23 62 226
23 63 117
23 64 49
23 65 36
23 66 81
23 67 19
23 68 77
23 69 150
23 70 229
23 71 177
23 72 229
23 73 57
23 74 165
23 75 87
23 76 241
23 77 242
23 78 287
23 79 260
23 80 125
23 81 257
23 82 28
23 83 31
23 84 27
23 85 27
23 86 279
23 87 65
23 88 218
23 89 197
23 90 63
23 91 22
23 92 97
23 93 171
23 94 39
23 95 77
23 96 116
23 97 164
23 98 147
23 99 155
23 100 27
24 25 74
24 26 164
24 27 299
24 28 174
24 29 222
24 30 292
24 31 223
24 32 262
24 33 198
24 34 11
24 35 93
24 36 275
24 37 194
24 38 16
24 39 237
24 40 186
24 41 68
24 42 95
24 43 231
24 44 274
24 45 224
24 46 190
24 47 290
24 48 70
24 49 113
24 50 242
24 51 173
24 52 113
24 53 270
24 54 47
24 55 90
24 56 133
24 57 137
24 58 32
24 59 265
24 60 71
24 61 53
24 62 67
24 63 165
24 64 136
24 65 297
24 66 51
24 67 171
24 68 173
24 69 37
24 70 14
24 71 240
24 72 36
24 73 190
24 74 82
24 75 173
24 76 212
24 77 282
24 78 187
24 79 239
24 80 25
24 81 121
24 82 196
24 83 257
24 84 276
24 85 199
24 86 37
24 87 229
24 88 223
24 89 41
24 90 134
24 91 226
24 92 71
24 93 280
24 94 70
24 95 263
24 96 63
24 97 97
24 98 179
24 99 128
24 100 32
25 26 24
25 27 239
25 28 232
25 29 128
25 30 35
25 31 282
25 32 87
25 33 212
25 34 290
25 35 58
25 36 201
25 37 31
25 38 216
25 39 200
25 40 87
25 41 43
25 42 196
25 43 150
25 44 13
25 45 215
25 46 62
25 47 36
25 48 267
25 49 41
25 50 70
25 51 79
25 52 87
25 53 123
25 54 296
25 55 47
25 56 74
25 57 168
25 58 127
25 59 268
25 60 205
25 61 140
25 62 80
25 63 105
25 64 59
25 65 123
25 66 187
25 67 141
25 68 221
25 69 210
25 70 96
25 71 98
25 72 254
25 73 81
25 74 171
25 75 51
25 76 50
25 77 156
25 78 77
25 79 224
25 80 23
25 81 297
25 82 145
25 83 211
25 84 155
25 85 214
25 86 164
25 87 270
25 88 138
25 89 143
25 90 170
25 91 254
25 92 265
25 93 172
25 94 28
25 95 168
25 96 44
25 97 111
25 98 147
25 99 59
25 100 152
26 27 268
26 28 59
26 29 28
26 30 190
26 31 141
26 32 162
26 33 232
26 34 264
26 35 291
26 36 11
26 37 178
26 38 180
26 39 23
26 40 89
26 41 180
26 42 92
26 43 141
26 44 59
26 45 105
26 46 46
26 47 65
26 48 266
26 49 35
26 50 69
26 51 20
26 52 243
26 53 24
26 54 142
26 55 223
26 56 120
26 57 125
26 58 151
26 59 106
26 60 92
26 61 33
26 62 232
26 63 173
26 64 149
26 65 31
26 66 282
26 67 192
26 68 156
26 69 246
26 70 146
26 71 28
26 72 284
26 73 110
26 74 230
26 75 244
26 76 227
26 77 13
26 78 181
26 79 289
26 80 100
26 81 170
26 82 50
26 83 101
26 84 49
26 85 105
26 86 146
26 87 69
26 88 105
26 89 135
26 90 207
26 91 286
26 92 248
26 93 264
26 94 239
26 95 225
26 96 188
26 97 241
26 98 191
26 99 106
26 100 192
27 28 261
27 29 11
27 30 119
27 31 266
27 32 110
27 33 18
27 34 176
27 35 225
27 36 30
27 37 57
27 38 159
27 39 216
27 40 147
27 41 264
27 42 148
27 43 243
27 44 23
27 45 98
27 46 242
27 47 173
27 48 111
27 49 15
27 50 198
27 51 237
27 52 16
27 53 99
27 54 61
27 55 274
27 56 141
27 57 107
27 58 79
27 59 147
27 60 118
27 61 279
27 62 46
27 63 153
27 64 23
27 65 44
27 66 261
27 67 248
27 68 60
27 69 83
27 70 288
27 71 29
27 72 104
27 73 30
27 74 277
27 75 105
27 76 19
27 77 230
27 78 159
27 79 270
27 80 224
27 81 191
27 82 63
27 83 186
27 84 272
27 85 147
27 86 252
27 87 87
27 88 259
27 89 192
27 90 192
27 91 56
27 92 287
27 93 293
27 94 285
27 95 256
27 96 38
27 97 196
27 98 102
27 99 18
27 100 38
28 29 61
28 30 179
28 31 47
28 32 185
28 33 206
28 34 64
28 35 234
28 36 45
28 37 216
28 38 209
28 39 150
28 40 270
28 41 27
28 42 267
28 43 193
28 44 140
28 45 147
28 46 74
28 47 65
28 48 35
28 49 217
28 50 35
28 51 295
28 52 264
28 53 153
28 54 82
28 55 288
28 56 276
28 57 85
28 58 120
28 59 134
28 60 124
28 61 254
28 62 224
28 63 64
28 64 204
28 65 196
28 66 33
28 67 37
28 68 100
28 69 181
28 70 207
28 71 274
28 72 119
28 73 43
28 74 297
28 75 279
28 76 289
28 77 245
28 78 136
28 79 99
28 80 163
28 81 38
28 82 169
28 83 275
28 84 280
28 85 200
28 86 269
28 87 15
28 88 109
28 89 237
28 90 112
28 91 285
28 92 110
28 93 246
28 94 178
28 95 194
28 96 52
28 97 117
28 98 249
28 99 263
28 100 238
29 30 299
29 31 274
29 32 189
29 33 279
29 34 178
29 35 292
29 36 143
29 37 39
29 38 233
29 39 124
29 40 73
29 41 229
29 42 182
29 43 292
29 44 237
29 45 263
29 46 43
29 47 256
29 48 59
29 49 271
29 50 17
29 51 48
29 52 184
29 53 204
29 54 298
29 55 234
29 56 176
29 57 12
29 58 237
29 59 229
29 60 34
29 61 74
29 62 160
29 63 216
29 64 142
29 65 78
29 66 197
29 67 148
29 68 201
29 69 192
29 70 239
29 71 163
29 72 51
29 73 256
29 74 286
29 75 254
29 76 138
29 77 74
29 78 93
29 79 110
29 80 226
29 81 140
29 82 216
29 83 248
29 84 254
29 85 38
29 86 256
29 87 173
29 88 121
29 89 273
29 90 118
29 91 130
29 92 207
29 93 12
29 94 291
29 95 281
29 96 198
29 97 16
29 98 111
29 99 27
29 100 206
30 31 209
30 32 63
30 33 296
30 34 93
30 35 270
30 36 110
30 37 158
30 38 216
30 39 136
30 40 221
30 41 83
30 42 252
30 43 112
30 44 149
30 45 12
30 46 282
30 47 96
30 48 45
30 49 160
30 50 214
30 51 32
30 52 36
30 53 221
30 54 38
30 55 237
30 56 240
30 57 63
30 58 116
30 59 73
30 60 35
30 61 126
30 62 266
30 63 77
30 64 169
30 65 292
30 66 274
30 67 13
30 68 129
30 69 197
30 70 175
30 71 238
30 72 197
30 73 41
30 74 243
30 75 243
30 76 11
30 77 142
30 78 72
30 79 275
30 80 81
30 81 278
30 82 168
30 83 118
30 84 289
30 85 144
30 86 228
30 87 18
30 88 115
30 89 101
30 90 102
30 91 64
30 92 140
30 93 176
30 94 154
30 95 44
30 96 118
30 97 254
30 98 284
30 99 103
30 100 281
31 32 40
31 33 241
31 34 298
31 35 118
31 36 164
31 37 147
31 38 242
31 39 297
31 40 211
31 41 154
31 42 105
31 43 279
31 44 266
31 45 24
31 46 70
31 47 222
31 48 116
31 49 15
31 50 143
31 51 29
31 52 25
31 53 27
31 54 180
31 55 262
31 56 219
31 57 204
31 58 10
31 59 196
31 60 211
31 61 226
31 62 52
31 63 25
31 64 224
31 65 61
31 66 237
31 67 85
31 68 142
31 69 163
31 70 141
31 71 108
31 72 190
31 73 181
31 74 259
31 75 90
31 76 55
31 77 78
31 78 139
31 79 268
31 80 17
31 81 273
31 82 110
31 83 166
31 84 259
31 85 280
31 86 38
31 87 155
31 88 211
31 89 48
31 90 199
31 91 158
31 92 158
31 93 88
31 94 192
31 95 170
31 96 115
31 97 119
31 98 141
31 99 286
31 100 147
32 33 207
32 34 207
32 35 178
32 36 51
32 37 29
32 38 73
32 39 197
32 40 154
32 41 81
32 42 144
32 43 286
32 44 218
32 45 91
32 46 52
32 47 161
32 48 42
32 49 265
32 50 38
32 51 166
32 52 216
32 53 50
32 54 275
32 55 24
32 56 260
32 57 173
32 58 211
32 59 140
32 60 170
32 61 15
32 62 164
32 63 210
32 64 265
32 65 241
32 66 82
32 67 277
32 68 148
32 69 143
32 70 73
32 71 122
32 72 212
32 73 172
32 74 272
32 75 296
32 76 242
32 77 272
32 78 180
32 79 124
32 80 173
32 81 156
32 82 86
32 83 261
32 84 266
32 85 142
32 86 233
32 87 137
32 88 277
32 89 77
32 90 214
32 91 26
32 92 168
32 93 151
32 94 165
32 95 32
32 96 113
32 97 33
32 98 215
32 99 283
32 100 233
33 34 166
33 35 77
33 36 146
33 37 187
33 38 296
33 39 117
33 40 211
33 41 10
33 42 205
33 43 39
33 44 136
33 45 296
33 46 131
33 47 172
33 48 18
33 49 271
33 50 40
33 51 119
33 52 182
33 53 52
33 54 145
33 55 103
33 56 115
33 57 68
33 58 235
33 59 205
33 60 39
33 61 243
33 62 74
33 63 82
33 64 209
33 65 177
33 66 68
33 67 212
33 68 37
33 69 152
33 70 274
33 71 32
33 72 63
33 73 88
33 74 279
33 75 79
33 76 205
33 77 97
33 78 100
33 79 206
33 80 212
33 81 263
33 82 184
33 83 156
33 84 192
33 85 27
33 86 276
33 87 95
33 88 21
33 89 228
33 90 217
33 91 75
33 92 68
33 93 98
33 94 214
33 95 227
33 96 132
33 97 224
33 98 132
33 99 40
33 100 247
34 35 195
34 36 205
34 37 37
34 38 151
34 39 133
34 40 288
34 41 138
34 42 286
34 43 182
34 44 281
34 45 36
34 46 34
34 47 236
34 48 53
34 49 292
34 50 11
34 51 207
34 52 258
34 53 292
34 54 298
34 55 135
34 56 35
34 57 209
34 58 201
34 59 233
34 60 226
34 61 115
34 62 48
34 63 278
34 64 268
34 65 279
34 66 20
34 67 146
34 68 101
34 69 90
34 70 158
34 71 238
34 72 293
34 73 290
34 74 97
34 75 123
34 76 44
34 77 142
34 78 127
34 79 141
34 80 100
34 81 151
34 82 264
34 83 219
34 84 54
34 85 179
34 86 55
34 87 39
34 88 214
34 89 104
34 90 151
34 91 54
34 92 30
34 93 153
34 94 171
34 95 42
34 96 154
34 97 97
34 98 63
34 99 144
34 100 92
35 36 180
35 37 277
35 38 68
35 39 247
35 40 160
35 41 234
35 42 22
35 43 61
35 44 181
35 45 27
35 46 109
35 47 209
35 48 101
35 49 218
35 50 157
35 51 245
35 52 113
35 53 79
35 54 241
35 55 139
35 56 207
35 57 94
35 58 281
35 59 232
35 60 34
35 61 224
35 62 66
35 63 169
35 64 11
35 65 291
35 66 83
35 67 78
35 68 241
35 69 86
35 70 61
35 71 93
35 72 279
35 73 39
35 74 97
35 75 257
35 76 30
35 77 231
35 78 52
35 79 274
35 80 173
35 81 71
35 82 158
35 83 126
35 84 119
35 85 261
35 86 228
35 87 200
35 88 218
35 89 74
35 90 67
35 91 164
35 92 38
35 93 135
35 94 270
35 95 238
35 96 256
35 97 58
35 98 200
35 99 207
35 100 279
36 37 123
36 38 115
36 39 114
36 40 110
36 41 275
36 42 27
36 43 26
36 44 79
36 45 24
36 46 227
36 47 289
36 48 146
36 49 66
36 50 157
36 51 57
36 52 274
36 53 50
36 54 251
36 55 53
36 56 31
36 57 68
36 58 286
36 59 182
36 60 269
36 61 174
36 62 43
36 63 73
36 64 109
36 65 190
36 66 218
36 67 57
36 68 189
36 69 15
36 70 10
36 71 168
36 72 60
36 73 43
36 74 68
36 75 136
36 76 80
36 77 91
36 78 204
36 79 132
36 80 49
36 81 10
36 82 95
36 83 184
36 84 191
36 85 280
36 86 44
36 87 66
36 88 209
36 89 97
36 90 33
36 91 294
36 92 161
36 93 246
36 94 164
36 95 25
36 96 131
36 97 264
36 98 168
36 99 98
36 100 188
37 38 100
37 39 28
37 40 176
37 41 112
37 42 245
37 43 152
37 44 18
37 45 136
37 46 10
37 47 174
37 48 204
37 49 150
37 50 72
37 51 98
37 52 297
37 53 226
37 54 286
37 55 283
37 56 33
37 57 52
37 58 29
37 59 181
37 60 15
37 61 151
37 62 60
37 63 146
37 64 194
37 65 57
37 66 107
37 67 265
37 68 282
37 69 16
37 70 43
37 71 243
37 72 64
37 73 178
37 74 116
37 75 189
37 76 23
37 77 57
37 78 199
37 79 274
37 80 187
37 81 229
37 82 214
37 83 288
37 84 83
37 85 96
37 86 186
37 87 270
37 88 69
37 89 237
37 90 45
37 91 131
37 92 65
37 93 49
37 94 203
37 95 124
37 96 238
37 97 265
37 98 173
37 99 82
37 100 127
38 39 237
38 40 29
38 41 209
38 42 296
38 43 80
38 44 148
38 45 203
38 46 174
38 47 229
38 48 247
38 49 190
38 50 139
38 51 208
38 52 91
38 53 298
38 54 128
38 55 134
38 56 52
38 57 188
38 58 277
38 59 121
38 60 159
38 61 103
38 62 58
38 63 138
38 64 280
38 65 51
38 66 266
38 67 32
38 68 23
38 69 214
38 70 291
38 71 202
38 72 152
38 73 47
38 74 209
38 75 274
38 76 163
38 77 46
38 78 160
38 79 117
38 80 64
38 81 76
38 82 189
38 83 208
38 84 134
38 85 271
38 86 102
38 87 217
38 88 203
38 89 269
38 90 242
38 91 31
38 92 16
38 93 20
38 94 36
38 95 93
38 96 160
38 97 91
38 98 58
38 99 294
38 100 267
39 40 104
39 41 181
39 42 222
39 43 279
39 44 294
39 45 183
39 46 176
39 47 161
39 48 292
39 49 299
39 50 134
39 51 40
39 52 93
39 53 248
39 54 204
39 55 17
39 56 279
39 57 209
39 58 141
39 59 168
39 60 257
39 61 26
39 62 90
39 63 90
39 64 124
39 65 295
39 66 67
39 67 181
39 68 259
39 69 115
39 70 211
39 71 255
39 72 228
39 73 227
39 74 225
39 75 176
39 76 35
39 77 187
39 78 217
39 79 186
39 80 73
39 81 263
39 82 202
39 83 33
39 84 185
39 85 237
39 86 207
39 87 226
39 88 126
39 89 44
39 90 240
39 91 98
39 92 233
39 93 39
39 94 265
39 95 173
39 96 264
39 97 290
39 98 154
39 99 185
39 100 259
40 41 238
40 42 48
40 43 275
40 44 94
40 45 205
40 46 191
40 47 197
40 48 245
40 49 77
40 50 142
40 51 82
40 52 239
40 53 130
40 54 101
40 55 75
40 56 257
40 57 30
40 58 115
40 59 170
40 60 264
40 61 45
40 62 292
40 63 212
40 64 41
40 65 182
40 66 19
40 67 38
40 68 35
40 69 108
40 70 105
40 71 286
40 72 120
40 73 108
40 74 212
40 75 51
40 76 267
40 77 252
40 78 157
40 79 291
40 80 154
40 81 295
40 82 43
40 83 294
40 84 105
40 85 239
40 86 157
40 87 177
40 88 28
40 89 150
40 90 236
40 91 276
40 92 72
40 93 267
40 94 237
40 95 248
40 96 52
40 97 282
40 98 91
40 99 235
40 100 253
41 42 74
41 43 240
41 44 37
41 45 19
41 46 253
41 47 51
41 48 150
41 49 260
41 50 206
41 51 107
41 52 59
41 53 169
41 54 92
41 55 124
41 56 206
41 57 183
41 58 292
41 59 156
41 60 225
41 61 33
41 62 134
41 63 108
41 64 283
41 65 258
41 66 250
41 67 208
41 68 269
41 69 84
41 70 249
41 71 208
41 72 289
41 73 286
41 74 37
41 75 148
41 76 220
41 77 72
41 78 237
41 79 35
41 80 152
41 81 137
41 82 187
41 83 161
41 84 97
41 85 245
41 86 126
41 87 214
41 88 194
41 89 103
41 90 147
41 91 153
41 92 226
41 93 218
41 94 261
41 95 258
41 96 48
41 97 254
41 98 299
41 99 58
41 100 279
42 43 276
42 44 285
42 45 221
42 46 135
42 47 235
42 48 269
42 49 291
42 50 295
42 51 204
42 52 183
42 53 26
42 54 217
42 55 191
42 56 271
42 57 24
42 58 216
42 59 77
42 60 151
42 61 118
42 62 122
42 63 87
42 64 101
42 65 112
42 66 286
42 67 271
42 68 171
42 69 163
42 70 33
42 71 217
42 72 118
42 73 95
42 74 223
42 75 54
42 76 279
42 77 231
42 78 40
42 79 273
42 80 223
42 81 171
42 82 223
42 83 103
42 84 43
42 85 162
42 86 94
42 87 203
42 88 116
42 89 226
42 90 197
42 91 195
42 92 102
42 93 49
42 94 167
42 95 188
42 96 155
42 97 13
42 98 218
42 99 35
42 100 196
43 44 16
43 45 64
43 46 63
43 47 293
43 48 242
43 49 257
43 50 108
43 51 180
43 52 274
43 53 221
43 54 206
43 55 172
43 56 112
43 57 81
43 58 113
43 59 42
43 60 127
43 61 67
43 62 232
43 63 41
43 64 15
43 65 137
43 66 158
43 67 273
43 68 71
43 69 63
43 70 112
43 71 82
43 72 179
43 73 239
43 74 108
43 75 138
43 76 51
43 77 216
43 78 42
43 79 143
43 80 233
43 81 129
43 82 90
43 83 109
43 84 214
43 85 96
43 86 165
43 87 56
43 88 224
43 89 124
43 90 145
43 91 21
43 92 171
43 93 171
43 94 132
43 95 85
43 96 81
43 97 128
43 98 11
43 99 63
43 100 212
44 45 93
44 46 201
44 47 145
44 48 207
44 49 239
44 50 230
44 51 129
44 52 122
44 53 53
44 54 241
44 55 57
44 56 294
44 57 169
44 58 214
44 59 175
44 60 188
44 61 14
44 62 245
44 63 248
44 64 27
44 65 118
44 66 249
44 67 135
44 68 286
44 69 101
44 70 230
44 71 118
44 72 227
44 73 165
44 74 268
44 75 64
44 76 134
44 77 191
44 78 96
44 79 188
44 80 135
44 81 185
44 82 268
44 83 143
44 84 207
44 85 13
44 86 272
44 87 210
44 88 19
44 89 124
44 90 173
44 91 175
44 92 166
44 93 80
44 94 202
44 95 232
44 96 51
44 97 217
44 98 293
44 99 49
44 100 198
45 46 254
45 47 179
45 48 197
45 49 24
45 50 56
45 51 126
45 52 62
45 53 122
45 54 10
45 55 261
45 56 182
45 57 187
45 58 166
45 59 10
45 60 152
45 61 237
45 62 270
45 63 227
45 64 217
45 65 266
45 66 295
45 67 10
45 68 297
45 69 77
45 70 256
45 71 256
45 72 72
45 73 13
45 74 124
45 75 113
45 76 88
45 77 50
45 78 275
45 79 285
45 80 242
45 81 245
45 82 140
45 83 121
45 84 117
45 85 225
45 86 180
45 87 197
45 88 267
45 89 38
45 90 44
45 91 38
45 92 167
45 93 221
45 94 259
45 95 109
45 96 139
45 97 299
45 98 26
45 99 292
45 100 136
46 47 109
46 48 65
46 49 249
46 50 59
46 51 120
46 52 280
46 53 238
46 54 206
46 55 38
46 56 155
46 57 85
46 58 287
46 59 279
46 60 217
46 61 94
46 62 256
46 63 26
46 64 100
46 65 124
46 66 131
46 67 137
46 68 288
46 69 42
46 70 80
46 71 221
46 72 27
46 73 232
46 74 138
46 75 66
46 76 22
46 77 257
46 78 12
46 79 261
46 80 18
46 81 230
46 82 245
46 83 166
46 84 104
46 85 156
46 86 11
46 87 243
46 88 37
46 89 167
46 90 88
46 91 169
46 92 125
46 93 29
46 94 97
46 95 23
46 96 41
46 97 13
46 98 111
46 99 273
46 100 96
47 48 146
47 49 153
47 50 99
47 51 278
47 52 76
47 53 82
47 54 189
47 55 103
47 56 200
47 57 76
47 58 213
47 59 117
47 60 229
47 61 206
47 62 255
47 63 181
47 64 19
47 65 124
47 66 212
47 67 257
47 68 235
47 69 66
47 70 185
47 71 161
47 72 124
47 73 203
47 74 58
47 75 278
47 76 235
47 77 110
47 78 51
47 79 29
47 80 41
47 81 254
47 82 185
47 83 34
47 84 135
47 85 244
47 86 22
47 87 216
47 88 78
47 89 259
47 90 291
47 91 89
47 92 99
47 93 274
47 94 64
47 95 245
47 96 140
47 97 255
47 98 126
47 99 53
47 100 67
48 49 141
48 50 275
48 51 46
48 52 171
48 53 48
48 54 44
48 55 124
48 56 281
48 57 202
48 58 233
48 59 240
48 60 203
48 61 125
48 62 68
48 63 265
48 64 141
48 65 85
48 66 217
48 67 186
48 68 47
48 69 129
48 70 95
48 71 285
48 72 13
48 73 26
48 74 192
48 75 35
48 76 81
48 77 129
48 78 285
48 79 54
48 80 198
48 81 172
48 82 104
48 83 157
48 84 49
48 85 298
48 86 95
48 87 123
48 88 160
48 89 232
48 90 204
48 91 100
48 92 10
48 93 147
48 94 243
48 95 100
48 96 219
48 97 162
48 98 201
48 99 235
48 100 22
49 50 130
49 51 31
49 52 295
49 53 191
49 54 226
49 55 253
49 56 165
49 57 254
49 58 51
49 59 212
49 60 219
49 61 248
49 62 175
49 63 202
49 64 102
49 65 137
49 66 101
49 67 203
49 68 116
49 69 85
49 70 72
49 71 175
49 72 21
49 73 156
49 74 232
49 75 252
49 76 236
49 77 16
49 78 18
49 79 124
49 80 132
49 81 148
49 82 197
49 83 86
49 84 141
49 85 157
49 86 120
49 87 105
49 88 214
49 89 93
49 90 91
49 91 162
49 92 285
49 93 55
49 94 195
49 95 67
49 96 280
49 97 290
49 98 130
49 99 261
49 100 83
50 51 187
50 52 111
50 53 110
50 54 119
50 55 23
50 56 179
50 57 118
50 58 73
50 59 298
50 60 212
50 61 161
50 62 42
50 63 254
50 64 68
50 65 110
50 66 167
50 67 41
50 68 114
50 69 262
50 70 65
50 71 109
50 72 42
50 73 26
50 74 100
50 75 140
50 76 138
50 77 244
50 78 237
50 79 88
50 80 93
50 81 63
50 82 191
50 83 75
50 84 141
50 85 158
50 86 39
50 87 251
50 88 275
50 89 62
50 90 19
50 91 257
50 92 190
50 93 154
50 94 134
50 95 18
50 96 84
50 97 68
50 98 35
50 99 209
50 100 31
51 52 17
51 53 19
51 54 277
51 55 213
51 56 33
51 57 37
51 58 97
51 59 174
51 60 282
51 61 246
51 62 34
51 63 259
51 64 48
51 65 288
51 66 27
51 67 166
51 68 271
51 69 109
51 70 12
51 71 201
51 72 104
51 73 157
51 74 200
51 75 229
51 76 122
51 77 186
51 78 212
51 79 66
51 80 41
51 81 268
51 82 186
51 83 25
51 84 50
51 85 190
51 86 255
51 87 265
51 88 225
51 89 121
51 90 229
51 91 61
51 92 139
51 93 292
51 94 291
51 95 171
51 96 92
51 97 190
51 98 180
51 99 36
51 100 10
52 53 110
52 54 170
52 55 31
52 56 24
52 57 59
52 58 220
52 59 249
52 60 55
52 61 237
52 62 19
52 63 34
52 64 117
52 65 51
52 66 199
52 67 33
52 68 65
52 69 23
52 70 298
52 71 233
52 72 150
52 73 61
52 74 184
52 75 85
52 76 33
52 77 112
52 78 116
52 79 108
52 80 256
52 81 76
52 82 113
52 83 105
52 84 180
52 85 284
52 86 44
52 87 13
52 88 176
52 89 43
52 90 289
52 91 270
52 92 132
52 93 91
52 94 14
52 95 234
52 96 113
52 97 201
52 98 92
52 99 197
52 100 271
53 54 252
53 55 211
53 56 133
53 57 49
53 58 108
53 59 103
53 60 202
53 61 130
53 62 50
53 63 78
53 64 19
53 65 263
53 66 89
53 67 225
53 68 276
53 69 183
53 70 130
53 71 257
53 72 255
53 73 137
53 74 295
53 75 125
53 76 66
53 77 252
53 78 175
53 79 265
53 80 24
53 81 34
53 82 209
53 83 187
53 84 195
53 85 40
53 86 190
53 87 199
53 88 232
53 89 90
53 90 288
53 91 278
53 92 29
53 93 109
53 94 36
53 95 138
53 96 123
53 97 214
53 98 168
53 99 121
53 100 38
54 55 246
54 56 276
54 57 116
54 58 285
54 59 27
54 60 12
54 61 34
54 62 270
54 63 34
54 64 144
54 65 105
54 66 112
54 67 131
54 68 206
54 69 225
54 70 31
54 71 191
54 72 11
54 73 166
54 74 115
54 75 104
54 76 256
54 77 163
54 78 133
54 79 223
54 80 39
54 81 238
54 82 230
54 83 278
54 84 237
54 85 136
54 86 87
54 87 207
54 88 19
54 89 245
54 90 218
54 91 200
54 92 297
54 93 55
54 94 229
54 95 98
54 96 277
54 97 116
54 98 202
54 99 53
54 100 169
55 56 244
55 57 94
55 58 116
55 59 99
55 60 39
55 61 10
55 62 287
55 63 155
55 64 167
55 65 253
55 66 293
55 67 193
55 68 13
55 69 19
55 70 219
55 71 252
55 72 263
55 73 136
55 74 149
55 75 243
55 76 158
55 77 190
55 78 133
55 79 96
55 80 158
55 81 36
55 82 189
55 83 53
55 84 278
55 85 42
55 86 256
55 87 179
55 88 27
55 89 159
55 90 225
55 91 233
55 92 269
55 93 17
55 94 144
55 95 207
55 96 234
55 97 217
55 98 133
55 99 169
55 100 193
56 57 123
56 58 178
56 59 110
56 60 203
56 61 241
56 62 57
56 63 90
56 64 260
56 65 233
56 66 274
56 67 186
56 68 61
56 69 252
56 70 228
56 71 149
56 72 11
56 73 71
56 74 257
56 75 225
56 76 120
56 77 28
56 78 297
56 79 190
56 80 141
56 81 194
56 82 60
56 83 243
56 84 211
56 85 173
56 86 74
56 87 244
56 88 94
56 89 236
56 90 197
56 91 175
56 92 22
56 93 220
56 94 188
56 95 93
56 96 209
56 97 45
56 98 214
56 99 185
56 100 126
57 58 263
57 59 176
57 60 246
57 61 133
57 62 274
57 63 198
57 64 45
57 65 42
57 66 222
57 67 135
57 68 43
57 69 283
57 70 213
57 71 258
57 72 223
57 73 118
57 74 183
57 75 125
57 76 126
57 77 153
57 78 222
57 79 199
57 80 158
57 81 280
57 82 132
57 83 246
57 84 15
57 85 90
57 86 62
57 87 108
57 88 85
57 89 214
57 90 124
57 91 176
57 92 197
57 93 297
57 94 221
57 95 45
57 96 210
57 97 256
57 98 132
57 99 252
57 100 233
58 59 103
58 60 108
58 61 282
58 62 11
58 63 173
58 64 282
58 65 154
58 66 63
58 67 224
58 68 101
58 69 74
58 70 178
58 71 80
58 72 220
58 73 14
58 74 192
58 75 256
58 76 92
58 77 187
58 78 111
58 79 283
58 80 206
58 81 12
58 82 180
58 83 123
58 84 191
58 85 129
58 86 235
58 87 133
58 88 63
58 89 32
58 90 32
58 91 114
58 92 205
58 93 212
58 94 102
58 95 48
58 96 74
58 97 206
58 98 183
58 99 253
58 100 160
59 60 183
59 61 33
59 62 293
59 63 64
59 64 294
59 65 240
59 66 257
59 67 45
59 68 282
59 69 133
59 70 78
59 71 192
59 72 103
59 73 21
59 74 42
59 75 297
59 76 144
59 77 169
59 78 172
59 79 154
59 80 212
59 81 290
59 82 192
59 83 264
59 84 78
59 85 268
59 86 31
59 87 129
59 88 25
59 89 124
59 90 255
59 91 146
59 92 45
59 93 139
59 94 154
59 95 35
59 96 96
59 97 116
59 98 117
59 99 166
59 100 11
60 61 276
60 62 133
60 63 238
60 64 205
60 65 288
60 66 234
60 67 203
60 68 30
60 69 102
60 70 13
60 71 78
60 72 118
60 73 142
60 74 82
60 75 29
60 76 183
60 77 102
60 78 113
60 79 34
60 80 94
60 81 173
60 82 228
60 83 91
60 84 145
60 85 88
60 86 124
60 87 273
60 88 66
60 89 35
60 90 234
60 91 47
60 92 224
60 93 263
60 94 133
60 95 164
60 96 222
60 97 32
60 98 72
60 99 254
60 100 21
61 62 150
61 63 92
61 64 116
61 65 111
61 66 253
61 67 145
61 68 228
61 69 269
61 70 72
61 71 128
61 72 275
61 73 104
61 74 279
61 75 111
61 76 11
61 77 132
61 78 193
61 79 56
61 80 87
61 81 251
61 82 12
61 83 174
61 84 155
61 85 185
61 86 165
61 87 168
61 88 17
61 89 97
61 90 257
61 91 59
61 92 231
61 93 55
61 94 24
61 95 46
61 96 299
61 97 102
61 98 155
61 99 274
61 100 268
62 63 161
62 64 77
62 65 283
62 66 33
62 67 172
62 68 163
62 69 46
62 70 13
62 71 252
62 72 108
62 73 196
62 74 87
62 75 45
62 76 143
62 77 257
62 78 96
62 79 20
62 80 120
62 81 126
62 82 43
62 83 191
62 84 55
62 85 290
62 86 59
62 87 101
62 88 111
62 89 170
62 90 136
62 91 102
62 92 163
62 93 251
62 94 77
62 95 69
62 96 187
62 97 166
62 98 61
62 99 189
62 100 50
63 64 20
63 65 226
63 66 186
63 67 294
63 68 23
63 69 76
63 70 20
63 71 255
63 72 104
63 73 214
63 74 289
63 75 220
63 76 71
63 77 198
63 78 42
63 79 142
63 80 61
63 81 43
63 82 137
63 83 286
63 84 85
63 85 180
63 86 150
63 87 149
63 88 179
63 89 194
63 90 81
63 91 81
63 92 92
63 93 90
63 94 290
63 95 254
63 96 277
63 97 154
63 98 67
63 99 64
63 100 99
64 65 256
64 66 77
64 67 270
64 68 221
64 69 188
64 70 280
64 71 204
64 72 57
64 73 80
64 74 282
64 75 51
64 76 166
64 77 71
64 78 211
64 79 34
64 80 73
64 81 262
64 82 19
64 83 31
64 84 186
64 85 105
64 86 149
64 87 198
64 88 124
64 89 181
64 90 50
64 91 289
64 92 148
64 93 284
64 94 297
64 95 266
64 96 86
64 97 188
64 98 12
64 99 229
64 100 254
65 66 215
65 67 117
65 68 199
65 69 193
65 70 49
65 71 92
65 72 274
65 73 50
65 74 187
65 75 141
65 76 110
65 77 156
65 78 292
65 79 53
65 80 189
65 81 34
65 82 70
65 83 30
65 84 42
65 85 113
65 86 281
65 87 133
65 88 56
65 89 71
65 90 198
65 91 147
65 92 80
65 93 256
65 94 278
65 95 147
65 96 174
65 97 84
65 98 256
65 99 221
65 100 224
66 67 25
66 68 63
66 69 204
66 70 261
66 71 239
66 72 84
66 73 130
66 74 178
66 75 126
66 76 294
66 77 199
66 78 193
66 79 168
66 80 30
66 81 198
66 82 255
66 83 155
66 84 99
66 85 288
66 86 268
66 87 174
66 88 73
66 89 157
66 90 288
66 91 146
66 92 186
66 93 124
66 94 165
66 95 290
66 96 93
66 97 259
66 98 201
66 99 178
66 100 155
67 68 268
67 69 19
67 70 162
67 71 180
67 72 178
67 73 224
67 74 209
67 75 45
67 76 268
67 77 52
67 78 31
67 79 114
67 80 38
67 81 26
67 82 166
67 83 122
67 84 144
67 85 205
67 86 222
67 87 75
67 88 269
67 89 111
67 90 145
67 91 260
67 92 284
67 93 129
67 94 270
67 95 113
67 96 26
67 97 294
67 98 28
67 99 265
67 100 41
68 69 27
68 70 295
68 71 77
68 72 216
68 73 12
68 74 161
68 75 297
68 76 151
68 77 123
68 78 118
68 79 189
68 80 208
68 81 219
68 82 72
68 83 185
68 84 167
68 85 134
68 86 212
68 87 197
68 88 103
68 89 173
68 90 110
68 91 103
68 92 289
68 93 272
68 94 114
68 95 267
68 96 65
68 97 63
68 98 257
68 99 25
68 100 39
69 70 213
69 71 218
69 72 89
69 73 161
69 74 231
69 75 27
69 76 221
69 77 140
69 78 225
69 79 278
69 80 22
69 81 166
69 82 151
69 83 12
69 84 78
69 85 232
69 86 17
69 87 253
69 88 281
69 89 60
69 90 191
69 91 230
69 92 223
69 93 219
69 94 94
69 95 57
69 96 140
69 97 226
69 98 19
69 99 299
69 100 21
70 71 44
70 72 105
70 73 216
70 74 141
70 75 222
70 76 48
70 77 235
70 78 44
70 79 144
70 80 127
70 81 289
70 82 49
70 83 95
70 84 263
70 85 86
70 86 187
70 87 83
70 88 284
70 89 56
70 90 28
70 91 62
70 92 58
70 93 275
70 94 43
70 95 32
70 96 154
70 97 216
70 98 77
70 99 152
70 100 64
71 72 234
71 73 77
71 74 110
71 75 94
71 76 64
71 77 150
71 78 24
71 79 88
71 80 286
71 81 258
71 82 25
71 83 58
71 84 77
71 85 173
71 86 217
71 87 55
71 88 63
71 89 112
71 90 214
71 91 27
71 92 156
71 93 274
71 94 131
71 95 34
71 96 42
71 97 257
71 98 120
71 99 231
71 100 219
72 73 64
72 74 162
72 75 147
72 76 246
72 77 293
72 78 116
72 79 214
72 80 69
72 81 66
72 82 27
72 83 111
72 84 162
72 85 132
72 86 152
72 87 94
72 88 61
72 89 228
72 90 247
72 91 252
72 92 16
72 93 115
72 94 20
72 95 29
72 96 221
72 97 249
72 98 135
72 99 275
72 100 194
73 74 210
73 75 238
73 76 104
73 77 47
73 78 46
73 79 70
73 80 110
73 81 186
73 82 254
73 83 233
73 84 234
73 85 106
73 86 96
73 87 177
73 88 45
73 89 191
73 90 78
73 91 189
73 92 60
73 93 215
73 94 38
73 95 66
73 96 154
73 97 202
73 98 167
73 99 236
73 100 18
74 75 51
74 76 86
74 77 146
74 78 17
74 79 100
74 80 26
74 81 18
74 82 238
74 83 279
74 84 50
74 85 61
74 86 156
74 87 283
74 88 260
74 89 190
74 90 231
74 91 84
74 92 136
74 93 12
74 94 48
74 95 20
74 96 33
74 97 270
74 98 296
74 99 65
74 100 215
75 76 110
75 77 278
75 78 156
75 79 39
75 80 239
75 81 188
75 82 276
75 83 122
75 84 236
75 85 33
75 86 298
75 87 131
75 88 90
75 89 150
75 90 95
75 91 38
75 92 135
75 93 54
75 94 120
75 95 172
75 96 46
75 97 154
75 98 284
75 99 138
75 100 275
76 77 259
76 78 48
76 79 207
76 80 20
76 81 226
76 82 11
76 83 108
76 84 91
76 85 279
76 86 274
76 87 207
76 88 239
76 89 110
76 90 205
76 91 72
76 92 81
76 93 117
76 94 20
76 95 280
76 96 16
76 97 223
76 98 290
76 99 228
76 100 90
77 78 142
77 79 93
77 80 27
77 81 219
77 82 276
77 83 186
77 84 95
77 85 293
77 86 54
77 87 200
77 88 139
77 89 194
77 90 72
77 91 111
77 92 240
77 93 66
77 94 155
77 95 23
77 96 121
77 97 37
77 98 244
77 99 256
77 100 163
78 79 251
78 80 98
78 81 187
78 82 140
78 83 95
78 84 131
78 85 28
78 86 18
78 87 122
78 88 88
78 89 44
78 90 212
78 91 161
78 92 79
78 93 103
78 94 195
78 95 84
78 96 74
78 97 135
78 98 282
78 99 260
78 100 161
79 80 23
79 81 188
79 82 54
79 83 222
79 84 205
79 85 266
79 86 281
79 87 263
79 88 257
79 89 30
79 90 16
79 91 213
79 92 209
79 93 29
79 94 213
79 95 174
79 96 255
79 97 248
79 98 169
79 99 279
79 100 135
80 81 91
80 82 10
80 83 136
80 84 203
80 85 42
80 86 173
80 87 115
80 88 149
80 89 289
80 90 257
80 91 35
80 92 39
80 93 50
80 94 20
80 95 73
80 96 189
80 97 71
80 98 249
80 99 145
80 100 222
81 82 111
81 83 21
81 84 52
81 85 170
81 86 205
81 87 46
81 88 283
81 89 118
81 90 240
81 91 21
81 92 22
81 93 292
81 94 253
81 95 216
81 96 161
81 97 44
81 98 43
81 99 181
81 100 298
82 83 36
82 84 137
82 85 289
82 86 24
82 87 178
82 88 48
82 89 15
82 90 62
82 91 160
82 92 113
82 93 79
82 94 56
82 95 186
82 96 101
82 97 152
82 98 258
82 99 201
82 100 282
83 84 124
83 85 133
83 86 251
83 87 48
83 88 290
83 89 142
83 90 136
83 91 173
83 92 75
83 93 212
83 94 164
83 95 186
83 96 83
83 97 115
83 98 215
83 99 272
83 100 290
84 85 212
84 86 244
84 87 141
84 88 106
84 89 276
84 90 241
84 91 58
84 92 152
84 93 138
84 94 46
84 95 141
84 96 78
84 97 179
84 98 175
84 99 251
84 100 165
85 86 271
85 87 230
85 88 216
85 89 253
85 90 47
85 91 162
85 92 91
85 93 141
85 94 164
85 95 271
85 96 127
85 97 35
85 98 239
85 99 159
85 100 140
86 87 146
86 88 174
86 89 21
86 90 286
86 91 294
86 92 48
86 93 153
86 94 123
86 95 134
86 96 231
86 97 109
86 98 21
86 99 113
86 100 237
87 88 94
87 89 240
87 90 188
87 91 206
87 92 127
87 93 232
87 94 117
87 95 155
87 96 85
87 97 71
87 98 28
87 99 118
87 100 258
88 89 289
88 90 29
88 91 255
88 92 94
88 93 71
88 94 183
88 95 128
88 96 83
88 97 294
88 98 102
88 99 183
88 100 296
89 90 149
89 91 113
89 92 31
89 93 133
89 94 269
89 95 262
89 96 52
89 97 225
89 98 133
89 99 281
89 100 81
90 91 117
90 92 192
90 93 51
90 94 289
90 95 12
90 96 229
90 97 130
90 98 120
90 99 130
90 100 120
91 92 60
91 93 184
91 94 16
91 95 123
91 96 111
91 97 214
91 98 185
91 99 149
91 100 236
92 93 133
92 94 51
92 95 169
92 96 58
92 97 221
92 98 291
92 99 128
92 100 46
93 94 87
93 95 255
93 96 197
93 97 38
93 98 161
93 99 292
93 100 50
94 95 205
94 96 114
94 97 29
94 98 166
94 99 75
94 100 288
95 96 10
95 97 275
95 98 247
95 99 202
95 100 117
96 97 104
96 98 128
96 99 17
96 100 66
97 98 111
97 99 18
97 100 259
98 99 107
98 100 221
99 100 223
