120 7140
1 2 245
1 3 23
1 4 147
1 5 215
1 6 185
1 7 42
1 8 83
1 9 90
1 10 30
1 11 197
1 12 62
1 13 249
1 14 44
1 15 104
1 16 106
1 17 24
1 18 138
1 19 259
1 20 81
1 21 205
1 22 239
1 23 222
1 24 207
1 25 221
1 26 298
1 27 75
1 28 283
1 29 182
1 30 181
1 31 194
1 32 57
1 33 44
1 34 278
1 35 249
1 36 243
1 37 220
1 38 59
1 39 52
1 40 129
1 41 233
1 42 95
1 43 93
1 44 223
1 45 118
1 46 269
1 47 238
1 48 122
1 49 227
1 50 168
1 51 119
1 52 223
1 53 241
1 54 128
1 55 210
1 56 132
1 57 293
1 58 154
1 59 31
1 60 159
1 61 250
1 62 117
1 63 239
1 64 18
1 65 273
1 66 13
1 67 203
1 68 180
1 69 254
1 70 260
1 71 231
1 72 123
1 73 139
1 74 264
1 75 119
1 76 62
1 77 211
1 78 193
1 79 29
1 80 247
1 81 131
1 82 188
1 83 77
1 84 273
1 85 284
1 86 187
1 87 135
1 88 33
1 89 141
1 90 52
1 91 96
1 92 65
1 93 59
1 94 71
1 95 170
1 96 299
1 97 116
1 98 117
1 99 290
1 100 270
1 101 221
1 102 118
1 103 184
1 104 172
1 105 285
1 106 117
1 107 140
1 108 196
1 109 217
1 110 66
1 111 279
1 112 125
1 113 146
1 114 31
1 115 182
1 116 214
1 117 235
1 118 161
1 119 86
1 120 264
2 3 224
2 4 129
2 5 287
2 6 175
2 7 48
2 8 296
2 9 239
2 10 82
2 11 118
2 12 176
2 13 91
2 14 268
2 15 176
2 16 128
2 17 135
2 18 163
2 19 46
2 20 259
2 21 101
2 22 224
2 23 89
2 24 48
2 25 254
2 26 94
2 27 10
2 28 120
2 29 65
2 30 45
2 31 39
2 32 214
2 33 114
2 34 62
2 35 291
2 36 66
2 37 122
2 38 157
2 39 269
2 40 183
2 41 172
2 42 208
2 43 242
2 44 292
2 45 55
2 46 240
2 47 76
2 48 107
2 49 76
2 50 242
2 51 102
2 52 263
2 53 188
2 54 191
2 55 45
2 56 142
2 57 296
2 58 175
2 59 93
2 60 34
2 61 112
2 62 65
2 63 213
2 64 165
2 65 255
2 66 188
2 67 238
2 68 194
2 69 193
2 70 161
2 71 201
2 72 29
2 73 257
2 74 16
2 75 66
2 76 136
2 77 189
2 78 113
2 79 108
2 80 169
2 81 252
2 82 77
2 83 255
2 84 259
2 85 141
2 86 108
2 87 260
2 88 222
2 89 227
2 90 253
2 91 263
2 92 277
2 93 74
2 94 30
2 95 168
2 96 30
2 97 254
2 98 144
2 99 96
2 100 97
2 101 233
2 102 59
2 103 270
2 104 54
2 105 126
2 106 161
2 107 165
2 108 183
2 109 210
2 110 31
2 111 154
2 112 286
2 113 284
2 114 177
2 115 160
2 116 42
2 117 53
2 118 73
2 119 206
2 120 251
3 4 39
3 5 22
3 6 267
3 7 163
3 8 242
3 9 111
3 10 258
3 11 240
3 12 291
3 13 121
3 14 83
3 15 246
3 16 273
3 17 149
3 18 61
3 19 137
3 20 142
3 21 217
3 22 169
3 23 140
3 24 97
3 25 141
3 26 226
3 27 136
3 28 110
3 29 253
3 30 215
3 31 217
3 32 104
3 33 276
3 34 299
3 35 44
3 36 142
3 37 180
3 38 294
3 39 149
3 40 15
3 41 275
3 42 272
3 43 197
3 44 167
3 45 82
3 46 271
3 47 182
3 48 75
3 49 121
3 50 100
3 51 276
3 52 120
3 53 182
3 54 280
3 55 161
3 56 142
3 57 283
3 58 152
3 59 99
3 60 111
3 61 290
3 62 255
3 63 170
3 64 190
3 65 26
3 66 230
3 67 189
3 68 145
3 69 127
3 70 173
3 71 70
3 72 298
3 73 40
3 74 209
3 75 137
3 76 295
3 77 292
3 78 188
3 79 181
3 80 269
3 81 247
3 82 270
3 83 91
3 84 36
3 85 16
3 86 254
3 87 211
3 88 223
3 89 194
3 90 286
3 91 161
3 92 290
3 93 59
3 94 172
3 95 221
3 96 296
3 97 127
3 98 40
3 99 36
3 100 135
3 101 143
3 102 110
3 103 193
3 104 268
3 105 204
3 106 265
3 107 217
3 108 190
3 109 110
3 110 55
3 111 81
3 112 14
3 113 129
3 114 292
3 115 100
3 116 271
3 117 291
3 118 94
3 119 109
3 120 151
4 5 45
4 6 30
4 7 282
4 8 277
4 9 243
4 10 88
4 11 14
4 12 282
4 13 158
4 14 208
4 15 206
4 16 15
4 17 101
4 18 251
4 19 92
4 20 19
4 21 202
4 22 172
4 23 64
4 24 74
4 25 83
4 26 184
4 27 195
4 28 188
4 29 236
4 30 148
4 31 148
4 32 95
4 33 276
4 34 171
4 35 91
4 36 247
4 37 75
4 38 243
4 39 123
4 40 26
4 41 58
4 42 23
4 43 167
4 44 288
4 45 118
4 46 55
4 47 62
4 48 208
4 49 243
4 50 235
4 51 210
4 52 230
4 53 89
4 54 124
4 55 143
4 56 109
4 57 262
4 58 169
4 59 246
4 60 278
4 61 288
4 62 79
4 63 31
4 64 231
4 65 109
4 66 55
4 67 158
4 68 157
4 69 270
4 70 283
4 71 11
4 72 238
4 73 209
4 74 275
4 75 244
4 76 108
4 77 83
4 78 262
4 79 238
4 80 184
4 81 235
4 82 190
4 83 109
4 84 88
4 85 266
4 86 222
4 87 137
4 88 45
4 89 253
4 90 208
4 91 124
4 92 260
4 93 119
4 94 175
4 95 273
4 96 94
4 97 70
4 98 24
4 99 62
4 100 267
4 101 75
4 102 283
4 103 42
4 104 27
4 105 249
4 106 263
4 107 98
4 108 63
4 109 267
4 110 207
4 111 45
4 112 13
4 113 133
4 114 231
4 115 247
4 116 89
4 117 284
4 118 125
4 119 256
4 120 67
5 6 212
5 7 108
5 8 41
5 9 295
5 10 246
5 11 222
5 12 252
5 13 206
5 14 149
5 15 63
5 16 116
5 17 273
5 18 248
5 19 152
5 20 68
5 21 145
5 22 280
5 23 73
5 24 225
5 25 78
5 26 93
5 27 100
5 28 258
5 29 158
5 30 289
5 31 11
5 32 95
5 33 90
5 34 157
5 35 289
5 36 161
5 37 32
5 38 89
5 39 272
5 40 54
5 41 142
5 42 163
5 43 43
5 44 167
5 45 58
5 46 257
5 47 174
5 48 171
5 49 105
5 50 64
5 51 206
5 52 240
5 53 192
5 54 220
5 55 257
5 56 223
5 57 15
5 58 11
5 59 177
5 60 24
5 61 117
5 62 205
5 63 16
5 64 138
5 65 265
5 66 198
5 67 118
5 68 67
5 69 221
5 70 69
5 71 215
5 72 242
5 73 199
5 74 146
5 75 193
5 76 242
5 77 186
5 78 41
5 79 214
5 80 232
5 81 131
5 82 44
5 83 162
5 84 162
5 85 197
5 86 96
5 87 185
5 88 158
5 89 28
5 90 49
5 91 71
5 92 203
5 93 55
5 94 259
5 95 241
5 96 184
5 97 71
5 98 163
5 99 241
5 100 136
5 101 233
5 102 150
5 103 40
5 104 188
5 105 268
5 106 168
5 107 65
5 108 237
5 109 20
5 110 197
5 111 174
5 112 80
5 113 262
5 114 174
5 115 31
5 116 38
5 117 178
5 118 228
5 119 242
5 120 137
6 7 43
6 8 173
6 9 263
6 10 252
6 11 149
6 12 221
6 13 245
6 14 214
6 15 110
6 16 231
6 17 64
6 18 256
6 19 57
6 20 150
6 21 209
6 22 58
6 23 47
6 24 267
6 25 181
6 26 97
6 27 215
6 28 152
6 29 79
6 30 90
6 31 190
6 32 165
6 33 132
6 34 40
6 35 143
6 36 171
6 37 34
6 38 239
6 39 154
6 40 149
6 41 107
6 42 176
6 43 213
6 44 245
6 45 116
6 46 195
6 47 15
6 48 288
6 49 196
6 50 30
6 51 30
6 52 269
6 53 125
6 54 199
6 55 152
6 56 65
6 57 74
6 58 87
6 59 161
6 60 190
6 61 122
6 62 107
6 63 249
6 64 149
6 65 47
6 66 78
6 67 32
6 68 267
6 69 84
6 70 79
6 71 117
6 72 100
6 73 140
6 74 212
6 75 295
6 76 262
6 77 234
6 78 278
6 79 108
6 80 22
6 81 147
6 82 53
6 83 60
6 84 21
6 85 143
6 86 126
6 87 274
6 88 146
6 89 150
6 90 147
6 91 18
6 92 58
6 93 30
6 94 153
6 95 24
6 96 88
6 97 120
6 98 46
6 99 81
6 100 210
6 101 217
6 102 26
6 103 267
6 104 260
6 105 123
6 106 232
6 107 260
6 108 178
6 109 130
6 110 183
6 111 132
6 112 216
6 113 209
6 114 165
6 115 285
6 116 204
6 117 15
6 118 192
6 119 118
6 120 246
7 8 104
7 9 292
7 10 183
7 11 218
7 12 113
7 13 229
7 14 89
7 15 100
7 16 94
7 17 132
7 18 190
7 19 220
7 20 61
7 21 186
7 22 33
7 23 270
7 24 297
7 25 59
7 26 14
7 27 56
7 28 287
7 29 191
7 30 96
7 31 266
7 32 178
7 33 257
7 34 137
7 35 57
7 36 71
7 37 163
7 38 23
7 39 192
7 40 237
7 41 279
7 42 242
7 43 252
7 44 48
7 45 202
7 46 41
7 47 162
7 48 137
7 49 287
7 50 278
7 51 166
7 52 12
7 53 176
7 54 86
7 55 98
7 56 11
7 57 42
7 58 33
7 59 130
7 60 77
7 61 124
7 62 54
7 63 110
7 64 147
7 65 277
7 66 153
7 67 235
7 68 273
7 69 273
7 70 50
7 71 186
7 72 112
7 73 109
7 74 194
7 75 188
7 76 102
7 77 273
7 78 203
7 79 80
7 80 212
7 81 106
7 82 82
7 83 103
7 84 99
7 85 14
7 86 108
7 87 144
7 88 155
7 89 106
7 90 272
7 91 266
7 92 140
7 93 132
7 94 17
7 95 105
7 96 146
7 97 220
7 98 297
7 99 179
7 100 278
7 101 237
7 102 208
7 103 163
7 104 236
7 105 108
7 106 59
7 107 241
7 108 41
7 109 151
7 110 171
7 111 295
7 112 275
7 113 192
7 114 284
7 115 44
7 116 181
7 117 193
7 118 162
7 119 178
7 120 10
8 9 275
8 10 279
8 11 265
8 12 184
8 13 119
8 14 206
8 15 275
8 16 11
8 17 265
8 18 72
8 19 155
8 20 126
8 21 105
8 22 60
8 23 100
8 24 269
8 25 176
8 26 163
8 27 128
8 28 223
8 29 167
8 30 196
8 31 170
8 32 273
8 33 75
8 34 174
8 35 244
8 36 152
8 37 11
8 38 265
8 39 65
8 40 186
8 41 133
8 42 156
8 43 130
8 44 108
8 45 125
8 46 284
8 47 53
8 48 292
8 49 183
8 50 66
8 51 188
8 52 34
8 53 255
8 54 241
8 55 193
8 56 141
8 57 77
8 58 241
8 59 21
8 60 140
8 61 181
8 62 202
8 63 15
8 64 87
8 65 60
8 66 164
8 67 14
8 68 56
8 69 198
8 70 81
8 71 49
8 72 292
8 73 125
8 74 38
8 75 15
8 76 60
8 77 243
8 78 199
8 79 44
8 80 263
8 81 104
8 82 28
8 83 34
8 84 177
8 85 210
8 86 151
8 87 104
8 88 123
8 89 47
8 90 219
8 91 185
8 92 51
8 93 14
8 94 221
8 95 243
8 96 97
8 97 78
8 98 153
8 99 139
8 100 111
8 101 133
8 102 25
8 103 286
8 104 252
8 105 118
8 106 50
8 107 182
8 108 137
8 109 80
8 110 275
8 111 119
8 112 203
8 113 232
8 114 56
8 115 272
8 116 16
8 117 84
8 118 46
8 119 95
8 120 285
9 10 202
9 11 91
9 12 85
9 13 121
9 14 77
9 15 183
9 16 221
9 17 56
9 18 139
9 19 34
9 20 127
9 21 201
9 22 71
9 23 48
9 24 179
9 25 219
9 26 125
9 27 243
9 28 204
9 29 107
9 30 228
9 31 10
9 32 266
9 33 232
9 34 195
9 35 275
9 36 48
9 37 280
9 38 220
9 39 224
9 40 237
9 41 171
9 42 206
9 43 29
9 44 262
9 45 271
9 46 121
9 47 40
9 48 175
9 49 167
9 50 48
9 51 239
9 52 75
9 53 138
9 54 73
9 55 240
9 56 261
9 57 230
9 58 252
9 59 273
9 60 292
9 61 274
9 62 246
9 63 86
9 64 139
9 65 126
9 66 188
9 67 55
9 68 137
9 69 119
9 70 230
9 71 68
9 72 162
9 73 288
9 74 26
9 75 259
9 76 203
9 77 280
9 78 135
9 79 177
9 80 45
9 81 116
9 82 103
9 83 189
9 84 133
9 85 280
9 86 142
9 87 84
9 88 168
9 89 232
9 90 142
9 91 108
9 92 261
9 93 274
9 94 40
9 95 211
9 96 180
9 97 69
9 98 180
9 99 72
9 100 270
9 101 290
9 102 139
9 103 104
9 104 211
9 105 181
9 106 34
9 107 102
9 108 26
9 109 100
9 110 261
9 111 145
9 112 106
9 113 284
9 114 27
9 115 222
9 116 138
9 117 169
9 118 41
9 119 286
9 120 90
10 11 241
10 12 229
10 13 259
10 14 50
10 15 17
10 16 213
10 17 157
10 18 48
10 19 60
10 20 69
10 21 58
10 22 237
10 23 251
10 24 53
10 25 286
10 26 237
10 27 111
10 28 221
10 29 263
10 30 294
10 31 210
10 32 17
10 33 269
10 34 287
10 35 170
10 36 149
10 37 102
10 38 295
10 39 178
10 40 186
10 41 284
10 42 160
10 43 189
10 44 187
10 45 221
10 46 45
10 47 40
10 48 264
10 49 255
10 50 268
10 51 210
10 52 50
10 53 49
10 54 11
10 55 297
10 56 266
10 57 140
10 58 169
10 59 149
10 60 119
10 61 171
10 62 31
10 63 97
10 64 271
10 65 78
10 66 18
10 67 75
10 68 259
10 69 94
10 70 174
10 71 84
10 72 75
10 73 127
10 74 169
10 75 264
10 76 38
10 77 255
10 78 168
10 79 36
10 80 61
10 81 41
10 82 39
10 83 65
10 84 144
10 85 205
10 86 224
10 87 277
10 88 12
10 89 32
10 90 197
10 91 13
10 92 228
10 93 229
10 94 105
10 95 213
10 96 232
10 97 274
10 98 244
10 99 186
10 100 151
10 101 54
10 102 254
10 103 113
10 104 255
10 105 194
10 106 135
10 107 279
10 108 51
10 109 86
10 110 208
10 111 57
10 112 204
10 113 19
10 114 201
10 115 219
10 116 16
10 117 261
10 118 54
10 119 197
10 120 284
11 12 219
11 13 70
11 14 126
11 15 136
11 16 66
11 17 78
11 18 125
11 19 288
11 20 55
11 21 270
11 22 294
11 23 37
11 24 39
11 25 55
11 26 45
11 27 35
11 28 147
11 29 273
11 30 19
11 31 241
11 32 275
11 33 40
11 34 198
11 35 152
11 36 208
11 37 275
11 38 38
11 39 168
11 40 72
11 41 233
11 42 256
11 43 197
11 44 291
11 45 132
11 46 128
11 47 203
11 48 29
11 49 179
11 50 242
11 51 65
11 52 238
11 53 61
11 54 33
11 55 25
11 56 250
11 57 169
11 58 47
11 59 180
11 60 193
11 61 131
11 62 182
11 63 78
11 64 208
11 65 284
11 66 77
11 67 186
11 68 150
11 69 186
11 70 30
11 71 97
11 72 197
11 73 44
11 74 188
11 75 260
11 76 149
11 77 168
11 78 261
11 79 177
11 80 101
11 81 127
11 82 138
11 83 168
11 84 94
11 85 84
11 86 187
11 87 135
11 88 110
11 89 272
11 90 49
11 91 230
11 92 72
11 93 206
11 94 253
11 95 77
11 96 55
11 97 218
11 98 32
11 99 126
11 100 28
11 101 85
11 102 67
11 103 56
11 104 54
11 105 215
11 106 61
11 107 100
11 108 114
11 109 39
11 110 251
11 111 189
11 112 270
11 113 59
11 114 289
11 115 123
11 116 64
11 117 119
11 118 282
11 119 89
11 120 200
12 13 285
12 14 262
12 15 115
12 16 126
12 17 202
12 18 214
12 19 199
12 20 23
12 21 213
12 22 171
12 23 264
12 24 50
12 25 269
12 26 173
12 27 39
12 28 179
12 29 207
12 30 207
12 31 46
12 32 178
12 33 235
12 34 204
12 35 260
12 36 54
12 37 246
12 38 289
12 39 48
12 40 255
12 41 60
12 42 223
12 43 40
12 44 223
12 45 239
12 46 177
12 47 98
12 48 295
12 49 268
12 50 22
12 51 133
12 52 290
12 53 198
12 54 277
12 55 132
12 56 136
12 57 210
12 58 11
12 59 93
12 60 171
12 61 256
12 62 178
12 63 45
12 64 255
12 65 135
12 66 172
12 67 99
12 68 65
12 69 106
12 70 179
12 71 123
12 72 287
12 73 292
12 74 38
12 75 131
12 76 129
12 77 267
12 78 153
12 79 141
12 80 233
12 81 189
12 82 279
12 83 276
12 84 228
12 85 50
12 86 128
12 87 205
12 88 134
12 89 272
12 90 197
12 91 55
12 92 269
12 93 258
12 94 136
12 95 210
12 96 90
12 97 73
12 98 143
12 99 101
12 100 289
12 101 268
12 102 226
12 103 97
12 104 209
12 105 25
12 106 74
12 107 171
12 108 28
12 109 268
12 110 149
12 111 103
12 112 179
12 113 57
12 114 200
12 115 134
12 116 134
12 117 73
12 118 131
12 119 196
12 120 11
13 14 238
13 15 220
13 16 161
13 17 208
13 18 61
13 19 33
13 20 131
13 21 155
13 22 158
13 23 101
13 24 177
13 25 208
13 26 115
13 27 167
13 28 65
13 29 34
13 30 175
13 31 69
13 32 118
13 33 79
13 34 260
13 35 185
13 36 11
13 37 57
13 38 195
13 39 255
13 40 103
13 41 248
13 42 279
13 43 106
13 44 60
13 45 221
13 46 59
13 47 74
13 48 110
13 49 174
13 50 133
13 51 260
13 52 40
13 53 18
13 54 283
13 55 51
13 56 78
13 57 148
13 58 112
13 59 266
13 60 189
13 61 50
13 62 251
13 63 283
13 64 112
13 65 35
13 66 169
13 67 78
13 68 101
13 69 191
13 70 175
13 71 21
13 72 67
13 73 44
13 74 177
13 75 298
13 76 279
13 77 247
13 78 203
13 79 15
13 80 146
13 81 115
13 82 102
13 83 178
13 84 78
13 85 201
13 86 96
13 87 163
13 88 227
13 89 19
13 90 30
13 91 199
13 92 59
13 93 199
13 94 103
13 95 170
13 96 93
13 97 41
13 98 266
13 99 108
13 100 122
13 101 79
13 102 164
13 103 91
13 104 164
13 105 48
13 106 121
13 107 61
13 108 282
13 109 202
13 110 299
13 111 169
13 112 196
13 113 289
13 114 81
13 115 216
13 116 204
13 117 99
13 118 244
13 119 156
13 120 23
14 15 51
14 16 261
14 17 35
14 18 136
14 19 240
14 20 90
14 21 40
14 22 204
14 23 138
14 24 190
14 25 116
14 26 119
14 27 286
14 28 280
14 29 104
14 30 59
14 31 209
14 32 135
14 33 48
14 34 229
14 35 108
14 36 48
14 37 241
14 38 262
14 39 121
14 40 96
14 41 229
14 42 129
14 43 56
14 44 163
14 45 68
14 46 137
14 47 116
14 48 269
14 49 294
14 50 268
14 51 188
14 52 250
14 53 44
14 54 219
14 55 154
14 56 75
14 57 49
14 58 264
14 59 252
14 60 37
14 61 287
14 62 202
14 63 159
14 64 210
14 65 260
14 66 132
14 67 63
14 68 22
14 69 140
14 70 115
14 71 140
14 72 41
14 73 61
14 74 61
14 75 218
14 76 104
14 77 101
14 78 288
14 79 62
14 80 76
14 81 80
14 82 113
14 83 296
14 84 158
14 85 27
14 86 25
14 87 210
14 88 211
14 89 81
14 90 137
14 91 293
14 92 201
14 93 173
14 94 111
14 95 40
14 96 261
14 97 16
14 98 115
14 99 199
14 100 112
14 101 22
14 102 287
14 103 43
14 104 60
14 105 66
14 106 234
14 107 40
14 108 89
14 109 236
14 110 105
14 111 113
14 112 67
14 113 13
14 114 226
14 115 251
14 116 115
14 117 19
14 118 186
14 119 78
14 120 59
15 16 262
15 17 145
15 18 63
15 19 60
15 20 198
15 21 277
15 22 122
15 23 129
15 24 216
15 25 55
15 26 175
15 27 89
15 28 296
15 29 32
15 30 116
15 31 250
15 32 50
15 33 152
15 34 12
15 35 192
15 36 13
15 37 204
15 38 212
15 39 147
15 40 296
15 41 182
15 42 20
15 43 259
15 44 281
15 45 211
15 46 226
15 47 218
15 48 262
15 49 250
15 50 214
15 51 42
15 52 158
15 53 195
15 54 187
15 55 235
15 56 225
15 57 185
15 58 177
15 59 241
15 60 214
15 61 102
15 62 122
15 63 73
15 64 66
15 65 159
15 66 206
15 67 256
15 68 192
15 69 17
15 70 290
15 71 221
15 72 60
15 73 58
15 74 199
15 75 65
15 76 297
15 77 213
15 78 85
15 79 164
15 80 231
15 81 83
15 82 31
15 83 78
15 84 146
15 85 272
15 86 45
15 87 245
15 88 94
15 89 185
15 90 279
15 91 291
15 92 139
15 93 72
15 94 260
15 95 221
15 96 180
15 97 24
15 98 71
15 99 231
15 100 94
15 101 172
15 102 36
15 103 157
15 104 260
15 105 70
15 106 261
15 107 115
15 108 190
15 109 89
15 110 147
15 111 142
15 112 145
15 113 14
15 114 289
15 115 51
15 116 180
15 117 202
15 118 28
15 119 246
15 120 244
16 17 50
16 18 198
16 19 186
16 20 87
16 21 220
16 22 221
16 23 82
16 24 137
16 25 124
16 26 210
16 27 88
16 28 103
16 29 73
16 30 90
16 31 35
16 32 252
16 33 34
16 34 236
16 35 23
16 36 70
16 37 112
16 38 264
16 39 28
16 40 81
16 41 17
16 42 280
16 43 166
16 44 53
16 45 133
16 46 46
16 47 13
16 48 139
16 49 257
16 50 67
16 51 193
16 52 55
16 53 288
16 54 177
16 55 143
16 56 166
16 57 95
16 58 166
16 59 204
16 60 234
16 61 32
16 62 278
16 63 238
16 64 82
16 65 105
16 66 43
16 67 288
16 68 100
16 69 21
16 70 37
16 71 111
16 72 59
16 73 247
16 74 236
16 75 27
16 76 31
16 77 218
16 78 58
16 79 179
16 80 282
16 81 154
16 82 149
16 83 188
16 84 141
16 85 280
16 86 35
16 87 90
16 88 168
16 89 36
16 90 14
16 91 167
16 92 284
16 93 231
16 94 145
16 95 192
16 96 285
16 97 47
16 98 270
16 99 168
16 100 24
16 101 229
16 102 297
16 103 81
16 104 273
16 105 30
16 106 221
16 107 105
16 108 227
16 109 224
16 110 104
16 111 61
16 112 186
16 113 191
16 114 85
16 115 299
16 116 202
16 117 23
16 118 255
16 119 69
16 120 63
17 18 101
17 19 29
17 20 195
17 21 137
17 22 295
17 23 77
17 24 277
17 25 55
17 26 35
17 27 119
17 28 271
17 29 243
17 30 214
17 31 246
17 32 161
17 33 26
17 34 280
17 35 176
17 36 256
17 37 201
17 38 59
17 39 294
17 40 133
17 41 220
17 42 291
17 43 84
17 44 241
17 45 232
17 46 277
17 47 17
17 48 190
17 49 134
17 50 186
17 51 261
17 52 181
17 53 23
17 54 290
17 55 193
17 56 280
17 57 219
17 58 85
17 59 130
17 60 223
17 61 174
17 62 218
17 63 218
17 64 68
17 65 193
17 66 116
17 67 293
17 68 178
17 69 273
17 70 277
17 71 266
17 72 127
17 73 121
17 74 162
17 75 199
17 76 116
17 77 212
17 78 41
17 79 27
17 80 16
17 81 139
17 82 70
17 83 239
17 84 201
17 85 140
17 86 107
17 87 69
17 88 14
17 89 24
17 90 90
17 91 79
17 92 235
17 93 101
17 94 110
17 95 80
17 96 87
17 97 121
17 98 290
17 99 133
17 100 85
17 101 191
17 102 178
17 103 222
17 104 61
17 105 22
17 106 106
17 107 207
17 108 54
17 109 152
17 110 253
17 111 299
17 112 211
17 113 289
17 114 51
17 115 281
17 116 26
17 117 230
17 118 247
17 119 31
17 120 248
18 19 70
18 20 139
18 21 68
18 22 41
18 23 141
18 24 58
18 25 91
18 26 136
18 27 269
18 28 51
18 29 129
18 30 257
18 31 165
18 32 90
18 33 299
18 34 96
18 35 116
18 36 224
18 37 222
18 38 251
18 39 37
18 40 212
18 41 210
18 42 251
18 43 151
18 44 253
18 45 20
18 46 254
18 47 212
18 48 266
18 49 42
18 50 228
18 51 197
18 52 119
18 53 183
18 54 197
18 55 201
18 56 15
18 57 119
18 58 130
18 59 132
18 60 20
18 61 293
18 62 193
18 63 241
18 64 143
18 65 231
18 66 149
18 67 87
18 68 228
18 69 103
18 70 82
18 71 213
18 72 222
18 73 78
18 74 141
18 75 174
18 76 270
18 77 237
18 78 80
18 79 112
18 80 213
18 81 87
18 82 96
18 83 297
18 84 159
18 85 50
18 86 115
18 87 227
18 88 67
18 89 285
18 90 134
18 91 211
18 92 193
18 93 270
18 94 233
18 95 196
18 96 69
18 97 172
18 98 120
18 99 89
18 100 38
18 101 39
18 102 71
18 103 23
18 104 245
18 105 281
18 106 72
18 107 279
18 108 100
18 109 227
18 110 262
18 111 150
18 112 293
18 113 111
18 114 237
18 115 75
18 116 236
18 117 158
18 118 74
18 119 113
18 120 298
19 20 189
19 21 124
19 22 12
19 23 212
19 24 23
19 25 296
19 26 223
19 27 164
19 28 85
19 29 96
19 30 187
19 31 135
19 32 229
19 33 29
19 34 113
19 35 77
19 36 164
19 37 209
19 38 248
19 39 140
19 40 227
19 41 19
19 42 276
19 43 120
19 44 36
19 45 144
19 46 148
19 47 134
19 48 188
19 49 50
19 50 75
19 51 259
19 52 297
19 53 144
19 54 213
19 55 238
19 56 292
19 57 171
19 58 235
19 59 87
19 60 272
19 61 179
19 62 264
19 63 266
19 64 255
19 65 202
19 66 135
19 67 45
19 68 81
19 69 88
19 70 281
19 71 30
19 72 289
19 73 114
19 74 26
19 75 168
19 76 253
19 77 16
19 78 176
19 79 225
19 80 52
19 81 211
19 82 256
19 83 44
19 84 241
19 85 75
19 86 149
19 87 129
19 88 151
19 89 106
19 90 176
19 91 159
19 92 75
19 93 167
19 94 191
19 95 218
19 96 222
19 97 88
19 98 234
19 99 11
19 100 236
19 101 216
19 102 282
19 103 106
19 104 21
19 105 165
19 106 18
19 107 63
19 108 28
19 109 243
19 110 80
19 111 215
19 112 253
19 113 232
19 114 161
19 115 25
19 116 266
19 117 101
19 118 257
19 119 275
19 120 104
20 21 141
20 22 80
20 23 167
20 24 23
20 25 88
20 26 103
20 27 114
20 28 47
20 29 166
20 30 72
20 31 141
20 32 39
20 33 282
20 34 117
20 35 95
20 36 200
20 37 258
20 38 239
20 39 38
20 40 49
20 41 177
20 42 291
20 43 68
20 44 82
20 45 19
20 46 73
20 47 256
20 48 191
20 49 156
20 50 90
20 51 204
20 52 80
20 53 93
20 54 50
20 55 77
20 56 55
20 57 237
20 58 175
20 59 79
20 60 27
20 61 71
20 62 132
20 63 37
20 64 147
20 65 19
20 66 208
20 67 143
20 68 46
20 69 213
20 70 291
20 71 163
20 72 197
20 73 294
20 74 176
20 75 179
20 76 170
20 77 169
20 78 106
20 79 282
20 80 53
20 81 136
20 82 95
20 83 51
20 84 288
20 85 255
20 86 277
20 87 14
20 88 171
20 89 82
20 90 183
20 91 193
20 92 295
20 93 295
20 94 283
20 95 47
20 96 62
20 97 28
20 98 56
20 99 282
20 100 82
20 101 298
20 102 184
20 103 118
20 104 28
20 105 189
20 106 207
20 107 240
20 108 71
20 109 136
20 110 107
20 111 176
20 112 291
20 113 217
20 114 236
20 115 242
20 116 298
20 117 85
20 118 267
20 119 208
20 120 193
21 22 184
21 23 157
21 24 92
21 25 255
21 26 127
21 27 36
21 28 285
21 29 135
21 30 285
21 31 245
21 32 18
21 33 162
21 34 244
21 35 261
21 36 92
21 37 57
21 38 168
21 39 153
21 40 77
21 41 48
21 42 194
21 43 138
21 44 240
21 45 87
21 46 169
21 47 270
21 48 127
21 49 172
21 50 93
21 51 80
21 52 42
21 53 264
21 54 206
21 55 107
21 56 126
21 57 90
21 58 54
21 59 274
21 60 197
21 61 166
21 62 11
21 63 205
21 64 232
21 65 205
21 66 294
21 67 49
21 68 33
21 69 225
21 70 124
21 71 190
21 72 231
21 73 199
21 74 154
21 75 130
21 76 125
21 77 143
21 78 141
21 79 172
21 80 179
21 81 134
21 82 102
21 83 191
21 84 91
21 85 290
21 86 196
21 87 222
21 88 183
21 89 245
21 90 181
21 91 46
21 92 32
21 93 204
21 94 129
21 95 187
21 96 134
21 97 170
21 98 180
21 99 278
21 100 244
21 101 98
21 102 81
21 103 35
21 104 149
21 105 243
21 106 261
21 107 218
21 108 152
21 109 15
21 110 79
21 111 258
21 112 79
21 113 297
21 114 273
21 115 99
21 116 31
21 117 267
21 118 108
21 119 155
21 120 90
22 23 239
22 24 88
22 25 247
22 26 251
22 27 39
22 28 56
22 29 83
22 30 251
22 31 88
22 32 286
22 33 212
22 34 116
22 35 180
22 36 209
22 37 261
22 38 46
22 39 157
22 40 266
22 41 27
22 42 174
22 43 202
22 44 119
22 45 245
22 46 18
22 47 121
22 48 270
22 49 116
22 50 208
22 51 96
22 52 55
22 53 291
22 54 189
22 55 69
22 56 104
22 57 214
22 58 87
22 59 62
22 60 222
22 61 154
22 62 217
22 63 220
22 64 276
22 65 155
22 66 161
22 67 29
22 68 173
22 69 74
22 70 104
22 71 40
22 72 188
22 73 122
22 74 275
22 75 23
22 76 264
22 77 258
22 78 202
22 79 73
22 80 148
22 81 219
22 82 189
22 83 222
22 84 257
22 85 248
22 86 112
22 87 295
22 88 141
22 89 195
22 90 213
22 91 266
22 92 103
22 93 36
22 94 240
22 95 156
22 96 250
22 97 142
22 98 50
22 99 63
22 100 53
22 101 292
22 102 121
22 103 89
22 104 175
22 105 294
22 106 62
22 107 151
22 108 220
22 109 278
22 110 226
22 111 194
22 112 176
22 113 158
22 114 121
22 115 13
22 116 99
22 117 136
22 118 256
22 119 61
22 120 295
23 24 121
23 25 283
23 26 290
23 27 192
23 28 284
23 29 45
23 30 54
23 31 36
23 32 230
23 33 207
23 34 233
23 35 60
23 36 231
23 37 123
23 38 289
23 39 54
23 40 289
23 41 220
23 42 14
23 43 98
23 44 15
23 45 186
23 46 98
23 47 251
23 48 199
23 49 104
23 50 296
23 51 291
23 52 176
23 53 272
23 54 240
23 55 14
23 56 21
23 57 178
23 58 224
23 59 278
23 60 202
23 61 80
23 62 158
23 63 258
23 64 270
23 65 88
23 66 289
23 67 286
23 68 118
23 69 236
23 70 224
23 71 160
23 72 194
23 73 277
23 74 184
23 75 214
23 76 132
23 77 20
23 78 163
23 79 163
23 80 148
23 81 60
23 82 108
23 83 95
23 84 63
23 85 152
23 86 232
23 87 241
23 88 239
23 89 46
23 90 52
23 91 189
23 92 165
23 93 289
23 94 152
23 95 240
23 96 27
23 97 244
23 98 19
23 99 260
23 100 12
23 101 87
23 102 100
23 103 80
23 104 298
23 105 90
23 106 198
23 107 147
23 108 68
23 109 78
23 110 281
23 111 181
23 112 129
23 113 207
23 114 151
23 115 141
23 116 201
23 117 222
23 118 90
23 119 54
23 120 293
24 25 201
24 26 152
24 27 133
24 28 189
24 29 129
24 30 141
24 31 198
24 32 109
24 33 161
24 34 28
24 35 138
24 36 48
24 37 206
24 38 125
24 39 44
24 40 86
24 41 173
24 42 209
24 43 74
24 44 73
24 45 11
24 46 122
24 47 189
24 48 129
24 49 100
24 50 54
24 51 85
24 52 292
24 53 233
24 54 212
24 55 137
24 56 123
24 57 140
24 58 295
24 59 137
24 60 70
24 61 249
24 62 147
24 63 14
24 64 38
24 65 291
24 66 137
24 67 137
24 68 128
24 69 195
24 70 293
24 71 137
24 72 132
24 73 133
24 74 101
24 75 272
24 76 167
24 77 89
24 78 57
24 79 157
24 80 169
24 81 197
24 82 14
24 83 179
24 84 71
24 85 184
24 86 252
24 87 285
24 88 68
24 89 23
24 90 249
24 91 31
24 92 176
24 93 113
24 94 54
24 95 89
24 96 12
24 97 170
24 98 199
24 99 270
24 100 203
24 101 169
24 102 68
24 103 109
24 104 257
24 105 277
24 106 242
24 107 50
24 108 191
24 109 268
24 110 30
24 111 229
24 112 276
24 113 72
24 114 239
24 115 297
24 116 90
24 117 110
24 118 286
24 119 263
24 120 39
25 26 117
25 27 68
25 28 119
25 29 18
25 30 266
25 31 264
25 32 186
25 33 259
25 34 59
25 35 118
25 36 160
25 37 199
25 38 119
25 39 143
25 40 197
25 41 278
25 42 265
25 43 177
25 44 66
25 45 291
25 46 253
25 47 299
25 48 192
25 49 138
25 50 294
25 51 293
25 52 78
25 53 238
25 54 142
25 55 24
25 56 141
25 57 75
25 58 162
25 59 21
25 60 67
25 61 26
25 62 148
25 63 250
25 64 134
25 65 274
25 66 247
25 67 202
25 68 258
25 69 77
25 70 78
25 71 273
25 72 190
25 73 280
25 74 19
25 75 216
25 76 87
25 77 258
25 78 290
25 79 127
25 80 151
25 81 293
25 82 145
25 83 121
25 84 267
25 85 191
25 86 71
25 87 41
25 88 88
25 89 224
25 90 216
25 91 87
25 92 99
25 93 296
25 94 228
25 95 295
25 96 223
25 97 187
25 98 95
25 99 72
25 100 295
25 101 78
25 102 153
25 103 226
25 104 230
25 105 159
25 106 68
25 107 239
25 108 181
25 109 294
25 110 102
25 111 298
25 112 236
25 113 285
25 114 132
25 115 158
25 116 238
25 117 256
25 118 148
25 119 200
25 120 97
26 27 51
26 28 163
26 29 210
26 30 136
26 31 66
26 32 106
26 33 124
26 34 254
26 35 49
26 36 222
26 37 268
26 38 238
26 39 54
26 40 59
26 41 298
26 42 292
26 43 27
26 44 169
26 45 26
26 46 276
26 47 275
26 48 217
26 49 240
26 50 145
26 51 155
26 52 112
26 53 244
26 54 155
26 55 141
26 56 91
26 57 25
26 58 213
26 59 130
26 60 285
26 61 48
26 62 254
26 63 45
26 64 188
26 65 179
26 66 295
26 67 63
26 68 100
26 69 210
26 70 155
26 71 107
26 72 103
26 73 179
26 74 219
26 75 264
26 76 181
26 77 170
26 78 221
26 79 296
26 80 71
26 81 77
26 82 105
26 83 56
26 84 262
26 85 165
26 86 270
26 87 13
26 88 286
26 89 248
26 90 214
26 91 215
26 92 120
26 93 29
26 94 70
26 95 91
26 96 253
26 97 127
26 98 57
26 99 73
26 100 155
26 101 168
26 102 138
26 103 157
26 104 146
26 105 101
26 106 161
26 107 299
26 108 110
26 109 150
26 110 233
26 111 194
26 112 69
26 113 165
26 114 86
26 115 127
26 116 146
26 117 49
26 118 210
26 119 32
26 120 232
27 28 267
27 29 298
27 30 283
27 31 98
27 32 33
27 33 220
27 34 57
27 35 234
27 36 157
27 37 233
27 38 190
27 39 174
27 40 53
27 41 116
27 42 186
27 43 94
27 44 141
27 45 192
27 46 271
27 47 46
27 48 40
27 49 185
27 50 103
27 51 175
27 52 248
27 53 195
27 54 51
27 55 209
27 56 79
27 57 176
27 58 219
27 59 207
27 60 120
27 61 236
27 62 286
27 63 153
27 64 150
27 65 273
27 66 172
27 67 86
27 68 128
27 69 256
27 70 108
27 71 26
27 72 237
27 73 227
27 74 286
27 75 217
27 76 95
27 77 265
27 78 117
27 79 80
27 80 93
27 81 100
27 82 94
27 83 62
27 84 99
27 85 272
27 86 219
27 87 36
27 88 25
27 89 47
27 90 168
27 91 123
27 92 173
27 93 194
27 94 143
27 95 140
27 96 11
27 97 290
27 98 286
27 99 274
27 100 31
27 101 41
27 102 16
27 103 283
27 104 79
27 105 266
27 106 158
27 107 72
27 108 32
27 109 175
27 110 27
27 111 246
27 112 61
27 113 130
27 114 260
27 115 174
27 116 169
27 117 145
27 118 188
27 119 279
27 120 34
28 29 225
28 30 97
28 31 31
28 32 241
28 33 292
28 34 19
28 35 254
28 36 223
28 37 65
28 38 172
28 39 81
28 40 105
28 41 31
28 42 140
28 43 45
28 44 248
28 45 26
28 46 88
28 47 232
28 48 55
28 49 162
28 50 162
28 51 154
28 52 27
28 53 132
28 54 230
28 55 213
28 56 135
28 57 172
28 58 249
28 59 173
28 60 86
28 61 135
28 62 171
28 63 197
28 64 213
28 65 216
28 66 154
28 67 151
28 68 159
28 69 61
28 70 16
28 71 116
28 72 140
28 73 45
28 74 203
28 75 198
28 76 170
28 77 27
28 78 286
28 79 136
28 80 218
28 81 88
28 82 94
28 83 254
28 84 210
28 85 178
28 86 204
28 87 130
28 88 61
28 89 18
28 90 200
28 91 117
28 92 98
28 93 155
28 94 228
28 95 90
28 96 197
28 97 74
28 98 55
28 99 292
28 100 238
28 101 161
28 102 67
28 103 62
28 104 189
28 105 44
28 106 187
28 107 221
28 108 179
28 109 85
28 110 298
28 111 11
28 112 223
28 113 34
28 114 254
28 115 17
28 116 25
28 117 37
28 118 20
28 119 92
28 120 264
29 30 264
29 31 32
29 32 106
29 33 80
29 34 148
29 35 22
29 36 165
29 37 18
29 38 183
29 39 107
29 40 68
29 41 281
29 42 59
29 43 24
29 44 277
29 45 108
29 46 145
29 47 251
29 48 196
29 49 250
29 50 173
29 51 11
29 52 276
29 53 58
29 54 48
29 55 97
29 56 121
29 57 199
29 58 205
29 59 31
29 60 34
29 61 61
29 62 289
29 63 74
29 64 103
29 65 129
29 66 92
29 67 106
29 68 205
29 69 218
29 70 131
29 71 267
29 72 183
29 73 252
29 74 155
29 75 149
29 76 265
29 77 241
29 78 193
29 79 40
29 80 81
29 81 101
29 82 185
29 83 15
29 84 115
29 85 178
29 86 291
29 87 211
29 88 74
29 89 299
29 90 88
29 91 258
29 92 270
29 93 181
29 94 110
29 95 152
29 96 209
29 97 212
29 98 14
29 99 66
29 100 78
29 101 36
29 102 97
29 103 13
29 104 126
29 105 35
29 106 48
29 107 126
29 108 263
29 109 151
29 110 215
29 111 55
29 112 78
29 113 283
29 114 98
29 115 48
29 116 41
29 117 60
29 118 56
29 119 143
29 120 211
30 31 45
30 32 276
30 33 163
30 34 241
30 35 12
30 36 289
30 37 97
30 38 116
30 39 295
30 40 56
30 41 150
30 42 36
30 43 109
30 44 26
30 45 76
30 46 139
30 47 248
30 48 165
30 49 193
30 50 117
30 51 232
30 52 121
30 53 56
30 54 38
30 55 26
30 56 222
30 57 235
30 58 66
30 59 296
30 60 129
30 61 127
30 62 65
30 63 267
30 64 94
30 65 40
30 66 113
30 67 21
30 68 252
30 69 71
30 70 259
30 71 73
30 72 72
30 73 232
30 74 274
30 75 122
30 76 80
30 77 248
30 78 259
30 79 149
30 80 41
30 81 242
30 82 263
30 83 199
30 84 147
30 85 106
30 86 219
30 87 264
30 88 206
30 89 180
30 90 64
30 91 249
30 92 119
30 93 174
30 94 41
30 95 32
30 96 83
30 97 88
30 98 143
30 99 237
30 100 112
30 101 95
30 102 289
30 103 138
30 104 126
30 105 134
30 106 82
30 107 59
30 108 102
30 109 138
30 110 57
30 111 61
30 112 248
30 113 217
30 114 56
30 115 297
30 116 190
30 117 174
30 118 17
30 119 139
30 120 81
31 32 46
31 33 256
31 34 182
31 35 243
31 36 129
31 37 133
31 38 284
31 39 12
31 40 257
31 41 224
31 42 108
31 43 38
31 44 133
31 45 33
31 46 33
31 47 219
31 48 266
31 49 288
31 50 154
31 51 104
31 52 69
31 53 147
31 54 222
31 55 194
31 56 17
31 57 238
31 58 275
31 59 153
31 60 48
31 61 158
31 62 25
31 63 51
31 64 206
31 65 64
31 66 213
31 67 164
31 68 54
31 69 40
31 70 211
31 71 187
31 72 116
31 73 124
31 74 260
31 75 230
31 76 146
31 77 259
31 78 233
31 79 15
31 80 110
31 81 130
31 82 60
31 83 184
31 84 28
31 85 118
31 86 44
31 87 216
31 88 148
31 89 208
31 90 169
31 91 53
31 92 41
31 93 258
31 94 244
31 95 241
31 96 179
31 97 189
31 98 101
31 99 102
31 100 25
31 101 184
31 102 207
31 103 53
31 104 243
31 105 71
31 106 133
31 107 275
31 108 24
31 109 83
31 110 102
31 111 93
31 112 287
31 113 66
31 114 97
31 115 25
31 116 54
31 117 220
31 118 239
31 119 58
31 120 61
32 33 214
32 34 163
32 35 39
32 36 35
32 37 123
32 38 299
32 39 94
32 40 72
32 41 176
32 42 45
32 43 165
32 44 85
32 45 171
32 46 100
32 47 260
32 48 239
32 49 108
32 50 156
32 51 139
32 52 242
32 53 239
32 54 48
32 55 169
32 56 117
32 57 212
32 58 90
32 59 290
32 60 40
32 61 226
32 62 266
32 63 163
32 64 47
32 65 60
32 66 169
32 67 268
32 68 187
32 69 229
32 70 208
32 71 254
32 72 39
32 73 110
32 74 167
32 75 75
32 76 42
32 77 106
32 78 280
32 79 260
32 80 165
32 81 178
32 82 261
32 83 126
32 84 121
32 85 243
32 86 197
32 87 15
32 88 238
32 89 100
32 90 57
32 91 72
32 92 299
32 93 151
32 94 36
32 95 228
32 96 179
32 97 42
32 98 123
32 99 223
32 100 180
32 101 285
32 102 139
32 103 179
32 104 73
32 105 278
32 106 181
32 107 280
32 108 242
32 109 164
32 110 147
32 111 51
32 112 229
32 113 88
32 114 284
32 115 193
32 116 144
32 117 12
32 118 183
32 119 256
32 120 110
33 34 113
33 35 136
33 36 240
33 37 118
33 38 104
33 39 119
33 40 99
33 41 176
33 42 188
33 43 34
33 44 96
33 45 10
33 46 106
33 47 162
33 48 284
33 49 16
33 50 81
33 51 146
33 52 72
33 53 58
33 54 258
33 55 62
33 56 189
33 57 14
33 58 196
33 59 219
33 60 251
33 61 162
33 62 271
33 63 285
33 64 62
33 65 97
33 66 259
33 67 118
33 68 186
33 69 132
33 70 74
33 71 164
33 72 164
33 73 150
33 74 44
33 75 272
33 76 216
33 77 56
33 78 161
33 79 259
33 80 234
33 81 198
33 82 222
33 83 40
33 84 115
33 85 114
33 86 265
33 87 66
33 88 124
33 89 96
33 90 61
33 91 261
33 92 105
33 93 236
33 94 147
33 95 269
33 96 217
33 97 151
33 98 102
33 99 220
33 100 14
33 101 119
33 102 140
33 103 281
33 104 180
33 105 289
33 106 186
33 107 81
33 108 222
33 109 73
33 110 72
33 111 30
33 112 222
33 113 81
33 114 271
33 115 97
33 116 42
33 117 210
33 118 10
33 119 41
33 120 153
34 35 112
34 36 265
34 37 203
34 38 166
34 39 180
34 40 203
34 41 95
34 42 42
34 43 123
34 44 251
34 45 89
34 46 29
34 47 20
34 48 136
34 49 288
34 50 282
34 51 82
34 52 244
34 53 173
34 54 90
34 55 170
34 56 231
34 57 205
34 58 65
34 59 163
34 60 25
34 61 230
34 62 100
34 63 25
34 64 43
34 65 285
34 66 61
34 67 265
34 68 190
34 69 180
34 70 213
34 71 42
34 72 113
34 73 169
34 74 127
34 75 217
34 76 141
34 77 285
34 78 254
34 79 245
34 80 278
34 81 266
34 82 23
34 83 187
34 84 242
34 85 187
34 86 97
34 87 141
34 88 249
34 89 44
34 90 201
34 91 249
34 92 217
34 93 94
34 94 77
34 95 34
34 96 67
34 97 281
34 98 45
34 99 117
34 100 175
34 101 294
34 102 32
34 103 99
34 104 175
34 105 96
34 106 28
34 107 51
34 108 218
34 109 180
34 110 94
34 111 211
34 112 88
34 113 282
34 114 288
34 115 226
34 116 231
34 117 58
34 118 256
34 119 170
34 120 167
35 36 177
35 37 72
35 38 282
35 39 112
35 40 38
35 41 63
35 42 68
35 43 259
35 44 92
35 45 142
35 46 247
35 47 272
35 48 232
35 49 22
35 50 262
35 51 281
35 52 207
35 53 193
35 54 62
35 55 208
35 56 126
35 57 157
35 58 105
35 59 64
35 60 124
35 61 29
35 62 24
35 63 148
35 64 242
35 65 20
35 66 299
35 67 28
35 68 268
35 69 233
35 70 19
35 71 217
35 72 182
35 73 115
35 74 26
35 75 19
35 76 117
35 77 92
35 78 11
35 79 123
35 80 11
35 81 137
35 82 195
35 83 222
35 84 25
35 85 280
35 86 60
35 87 162
35 88 83
35 89 248
35 90 87
35 91 227
35 92 254
35 93 260
35 94 295
35 95 15
35 96 53
35 97 87
35 98 24
35 99 267
35 100 10
35 101 273
35 102 280
35 103 46
35 104 291
35 105 232
35 106 182
35 107 99
35 108 15
35 109 234
35 110 209
35 111 72
35 112 185
35 113 217
35 114 14
35 115 50
35 116 119
35 117 269
35 118 295
35 119 116
35 120 21
36 37 160
36 38 247
36 39 149
36 40 178
36 41 231
36 42 123
36 43 145
36 44 249
36 45 212
36 46 228
36 47 211
36 48 99
36 49 267
36 50 186
36 51 42
36 52 22
36 53 57
36 54 104
36 55 266
36 56 177
36 57 71
36 58 106
36 59 242
36 60 86
36 61 108
36 62 260
36 63 90
36 64 66
36 65 197
36 66 162
36 67 187
36 68 175
36 69 293
36 70 198
36 71 242
36 72 102
36 73 32
36 74 246
36 75 169
36 76 98
36 77 18
36 78 255
36 79 101
36 80 32
36 81 79
36 82 67
36 83 288
36 84 158
36 85 51
36 86 229
36 87 52
36 88 225
36 89 108
36 90 261
36 91 118
36 92 120
36 93 41
36 94 129
36 95 197
36 96 186
36 97 240
36 98 101
36 99 289
36 100 136
36 101 165
36 102 116
36 103 266
36 104 37
36 105 111
36 106 196
36 107 283
36 108 30
36 109 141
36 110 205
36 111 31
36 112 220
36 113 200
36 114 207
36 115 49
36 116 66
36 117 49
36 118 30
36 119 82
36 120 165
37 38 281
37 39 187
37 40 208
37 41 279
37 42 115
37 43 98
37 44 276
37 45 189
37 46 268
37 47 208
37 48 261
37 49 233
37 50 296
37 51 241
37 52 270
37 53 89
37 54 109
37 55 267
37 56 240
37 57 127
37 58 282
37 59 37
37 60 190
37 61 105
37 62 220
37 63 199
37 64 218
37 65 287
37 66 95
37 67 234
37 68 95
37 69 18
37 70 85
37 71 103
37 72 204
37 73 37
37 74 96
37 75 160
37 76 108
37 77 131
37 78 10
37 79 152
37 80 179
37 81 192
37 82 140
37 83 106
37 84 111
37 85 114
37 86 183
37 87 116
37 88 123
37 89 218
37 90 182
37 91 25
37 92 291
37 93 232
37 94 70
37 95 111
37 96 190
37 97 147
37 98 86
37 99 214
37 100 30
37 101 288
37 102 105
37 103 114
37 104 156
37 105 196
37 106 149
37 107 55
37 108 12
37 109 210
37 110 121
37 111 227
37 112 64
37 113 72
37 114 277
37 115 177
37 116 255
37 117 230
37 118 145
37 119 244
37 120 88
38 39 122
38 40 166
38 41 162
38 42 253
38 43 139
38 44 243
38 45 13
38 46 130
38 47 136
38 48 76
38 49 225
38 50 67
38 51 34
38 52 223
38 53 276
38 54 114
38 55 101
38 56 220
38 57 232
38 58 77
38 59 113
38 60 213
38 61 220
38 62 118
38 63 159
38 64 107
38 65 298
38 66 143
38 67 235
38 68 236
38 69 115
38 70 83
38 71 256
38 72 55
38 73 157
38 74 168
38 75 270
38 76 117
38 77 124
38 78 108
38 79 122
38 80 267
38 81 83
38 82 190
38 83 109
38 84 221
38 85 127
38 86 50
38 87 53
38 88 91
38 89 112
38 90 228
38 91 229
38 92 240
38 93 76
38 94 282
38 95 187
38 96 112
38 97 165
38 98 39
38 99 16
38 100 165
38 101 220
38 102 145
38 103 209
38 104 36
38 105 213
38 106 117
38 107 51
38 108 194
38 109 84
38 110 91
38 111 69
38 112 263
38 113 166
38 114 163
38 115 43
38 116 227
38 117 215
38 118 62
38 119 194
38 120 131
39 40 174
39 41 228
39 42 159
39 43 109
39 44 113
39 45 239
39 46 253
39 47 123
39 48 241
39 49 13
39 50 116
39 51 31
39 52 111
39 53 245
39 54 46
39 55 24
39 56 250
39 57 190
39 58 246
39 59 51
39 60 213
39 61 206
39 62 124
39 63 169
39 64 165
39 65 193
39 66 30
39 67 172
39 68 206
39 69 176
39 70 85
39 71 257
39 72 184
39 73 290
39 74 29
39 75 286
39 76 280
39 77 145
39 78 214
39 79 186
39 80 112
39 81 226
39 82 70
39 83 40
39 84 124
39 85 186
39 86 18
39 87 73
39 88 230
39 89 225
39 90 174
39 91 218
39 92 47
39 93 114
39 94 193
39 95 218
39 96 102
39 97 175
39 98 225
39 99 68
39 100 133
39 101 16
39 102 145
39 103 221
39 104 216
39 105 274
39 106 193
39 107 163
39 108 34
39 109 50
39 110 171
39 111 54
39 112 282
39 113 294
39 114 35
39 115 129
39 116 165
39 117 142
39 118 280
39 119 90
39 120 36
40 41 294
40 42 135
40 43 80
40 44 163
40 45 254
40 46 134
40 47 99
40 48 274
40 49 179
40 50 248
40 51 191
40 52 71
40 53 190
40 54 174
40 55 142
40 56 63
40 57 175
40 58 91
40 59 42
40 60 195
40 61 198
40 62 272
40 63 137
40 64 22
40 65 126
40 66 22
40 67 101
40 68 258
40 69 48
40 70 145
40 71 170
40 72 211
40 73 265
40 74 241
40 75 149
40 76 34
40 77 102
40 78 231
40 79 46
40 80 80
40 81 118
40 82 241
40 83 54
40 84 246
40 85 36
40 86 258
40 87 63
40 88 287
40 89 15
40 90 143
40 91 57
40 92 133
40 93 296
40 94 189
40 95 23
40 96 240
40 97 17
40 98 82
40 99 164
40 100 184
40 101 247
40 102 241
40 103 243
40 104 232
40 105 132
40 106 27
40 107 278
40 108 123
40 109 65
40 110 77
40 111 274
40 112 78
40 113 36
40 114 126
40 115 271
40 116 72
40 117 133
40 118 114
40 119 293
40 120 190
41 42 165
41 43 247
41 44 13
41 45 102
41 46 81
41 47 90
41 48 224
41 49 157
41 50 132
41 51 150
41 52 135
41 53 230
41 54 134
41 55 174
41 56 151
41 57 270
41 58 220
41 59 237
41 60 16
41 61 172
41 62 222
41 63 232
41 64 184
41 65 15
41 66 34
41 67 144
41 68 99
41 69 296
41 70 241
41 71 281
41 72 77
41 73 95
41 74 15
41 75 138
41 76 255
41 77 201
41 78 91
41 79 49
41 80 139
41 81 73
41 82 35
41 83 228
41 84 144
41 85 192
41 86 16
41 87 219
41 88 214
41 89 267
41 90 127
41 91 165
41 92 99
41 93 278
41 94 87
41 95 159
41 96 28
41 97 294
41 98 252
41 99 227
41 100 208
41 101 58
41 102 264
41 103 28
41 104 32
41 105 13
41 106 68
41 107 37
41 108 242
41 109 153
41 110 227
41 111 154
41 112 123
41 113 277
41 114 86
41 115 249
41 116 225
41 117 234
41 118 161
41 119 113
41 120 267
42 43 45
42 44 142
42 45 170
42 46 181
42 47 207
42 48 195
42 49 214
42 50 201
42 51 31
42 52 67
42 53 26
42 54 131
42 55 119
42 56 278
42 57 122
42 58 204
42 59 280
42 60 114
42 61 84
42 62 187
42 63 276
42 64 294
42 65 62
42 66 88
42 67 287
42 68 47
42 69 61
42 70 65
42 71 110
42 72 34
42 73 29
42 74 296
42 75 281
42 76 231
42 77 251
42 78 68
42 79 166
42 80 169
42 81 100
42 82 277
42 83 182
42 84 78
42 85 81
42 86 116
42 87 159
42 88 44
42 89 149
42 90 141
42 91 209
42 92 131
42 93 64
42 94 109
42 95 193
42 96 118
42 97 109
42 98 195
42 99 266
42 100 72
42 101 134
42 102 92
42 103 91
42 104 295
42 105 66
42 106 233
42 107 277
42 108 116
42 109 162
42 110 245
42 111 108
42 112 127
42 113 37
42 114 297
42 115 89
42 116 176
42 117 275
42 118 16
42 119 132
42 120 171
43 44 78
43 45 187
43 46 268
43 47 298
43 48 123
43 49 110
43 50 58
43 51 245
43 52 284
43 53 167
43 54 120
43 55 140
43 56 16
43 57 123
43 58 265
43 59 209
43 60 65
43 61 12
43 62 227
43 63 121
43 64 223
43 65 17
43 66 25
43 67 160
43 68 214
43 69 230
43 70 262
43 71 279
43 72 181
43 73 281
43 74 80
43 75 56
43 76 130
43 77 67
43 78 215
43 79 174
43 80 89
43 81 228
43 82 90
43 83 74
43 84 258
43 85 81
43 86 204
43 87 99
43 88 171
43 89 178
43 90 31
43 91 282
43 92 181
43 93 85
43 94 35
43 95 170
43 96 290
43 97 171
43 98 236
43 99 22
43 100 49
43 101 27
43 102 120
43 103 214
43 104 78
43 105 152
43 106 154
43 107 289
43 108 222
43 109 16
43 110 277
43 111 198
43 112 88
43 113 196
43 114 114
43 115 150
43 116 154
43 117 54
43 118 125
43 119 240
43 120 63
44 45 64
44 46 68
44 47 275
44 48 218
44 49 70
44 50 241
44 51 243
44 52 253
44 53 293
44 54 203
44 55 71
44 56 172
44 57 183
44 58 13
44 59 121
44 60 191
44 61 196
44 62 81
44 63 57
44 64 93
44 65 46
44 66 36
44 67 245
44 68 257
44 69 274
44 70 179
44 71 68
44 72 147
44 73 242
44 74 137
44 75 168
44 76 250
44 77 278
44 78 140
44 79 72
44 80 94
44 81 71
44 82 240
44 83 151
44 84 278
44 85 27
44 86 211
44 87 165
44 88 101
44 89 172
44 90 97
44 91 17
44 92 296
44 93 116
44 94 96
44 95 158
44 96 247
44 97 53
44 98 171
44 99 278
44 100 290
44 101 52
44 102 165
44 103 232
44 104 298
44 105 174
44 106 294
44 107 209
44 108 140
44 109 148
44 110 115
44 111 58
44 112 278
44 113 69
44 114 29
44 115 74
44 116 294
44 117 156
44 118 127
44 119 62
44 120 68
45 46 209
45 47 150
45 48 229
45 49 188
45 50 88
45 51 28
45 52 296
45 53 110
45 54 286
45 55 68
45 56 96
45 57 178
45 58 52
45 59 186
45 60 52
45 61 273
45 62 68
45 63 87
45 64 294
45 65 90
45 66 205
45 67 156
45 68 230
45 69 99
45 70 70
45 71 229
45 72 274
45 73 57
45 74 116
45 75 231
45 76 19
45 77 277
45 78 246
45 79 251
45 80 118
45 81 120
45 82 27
45 83 118
45 84 180
45 85 264
45 86 16
45 87 181
45 88 71
45 89 142
45 90 165
45 91 186
45 92 35
45 93 104
45 94 56
45 95 70
45 96 128
45 97 107
45 98 17
45 99 72
45 100 115
45 101 131
45 102 61
45 103 183
45 104 149
45 105 47
45 106 140
45 107 111
45 108 138
45 109 185
45 110 221
45 111 173
45 112 272
45 113 209
45 114 70
45 115 215
45 116 10
45 117 175
45 118 36
45 119 94
45 120 38
46 47 114
46 48 212
46 49 84
46 50 18
46 51 155
46 52 24
46 53 189
46 54 77
46 55 265
46 56 282
46 57 285
46 58 22
46 59 40
46 60 187
46 61 253
46 62 233
46 63 14
46 64 65
46 65 68
46 66 141
46 67 215
46 68 134
46 69 48
46 70 278
46 71 92
46 72 232
46 73 35
46 74 44
46 75 151
46 76 145
46 77 169
46 78 173
46 79 62
46 80 132
46 81 287
46 82 32
46 83 244
46 84 56
46 85 286
46 86 59
46 87 146
46 88 83
46 89 67
46 90 29
46 91 75
46 92 137
46 93 83
46 94 286
46 95 275
46 96 122
46 97 125
46 98 144
46 99 288
46 100 193
46 101 201
46 102 51
46 103 119
46 104 27
46 105 97
46 106 286
46 107 204
46 108 273
46 109 205
46 110 222
46 111 132
46 112 122
46 113 150
46 114 229
46 115 266
46 116 95
46 117 26
46 118 98
46 119 163
46 120 233
47 48 148
47 49 21
47 50 211
47 51 76
47 52 295
47 53 47
47 54 256
47 55 198
47 56 156
47 57 189
47 58 45
47 59 52
47 60 93
47 61 280
47 62 210
47 63 279
47 64 51
47 65 217
47 66 252
47 67 158
47 68 133
47 69 181
47 70 145
47 71 64
47 72 152
47 73 233
47 74 204
47 75 141
47 76 43
47 77 144
47 78 280
47 79 222
47 80 94
47 81 22
47 82 214
47 83 190
47 84 270
47 85 232
47 86 197
47 87 226
47 88 230
47 89 96
47 90 271
47 91 243
47 92 85
47 93 91
47 94 156
47 95 148
47 96 189
47 97 92
47 98 172
47 99 51
47 100 103
47 101 279
47 102 100
47 103 273
47 104 147
47 105 275
47 106 107
47 107 200
47 108 263
47 109 234
47 110 270
47 111 286
47 112 289
47 113 21
47 114 165
47 115 222
47 116 136
47 117 133
47 118 126
47 119 124
47 120 24
48 49 251
48 50 109
48 51 269
48 52 255
48 53 109
48 54 256
48 55 48
48 56 209
48 57 39
48 58 299
48 59 88
48 60 37
48 61 83
48 62 185
48 63 110
48 64 249
48 65 268
48 66 164
48 67 23
48 68 69
48 69 168
48 70 46
48 71 235
48 72 108
48 73 220
48 74 14
48 75 228
48 76 149
48 77 277
48 78 94
48 79 94
48 80 162
48 81 148
48 82 209
48 83 296
48 84 154
48 85 235
48 86 282
48 87 95
48 88 236
48 89 273
48 90 171
48 91 247
48 92 63
48 93 209
48 94 133
48 95 263
48 96 269
48 97 55
48 98 142
48 99 243
48 100 249
48 101 161
48 102 64
48 103 251
48 104 193
48 105 191
48 106 105
48 107 108
48 108 68
48 109 49
48 110 246
48 111 255
48 112 142
48 113 95
48 114 151
48 115 33
48 116 281
48 117 112
48 118 243
48 119 29
48 120 219
49 50 59
49 51 98
49 52 112
49 53 14
49 54 103
49 55 211
49 56 177
49 57 122
49 58 261
49 59 106
49 60 278
49 61 159
49 62 191
49 63 56
49 64 265
49 65 16
49 66 281
49 67 204
49 68 247
49 69 103
49 70 32
49 71 84
49 72 200
49 73 10
49 74 273
49 75 212
49 76 77
49 77 13
49 78 217
49 79 111
49 80 91
49 81 165
49 82 50
49 83 24
49 84 267
49 85 67
49 86 210
49 87 171
49 88 133
49 89 293
49 90 21
49 91 293
49 92 185
49 93 248
49 94 205
49 95 204
49 96 296
49 97 53
49 98 78
49 99 288
49 100 162
49 101 293
49 102 279
49 103 285
49 104 170
49 105 78
49 106 13
49 107 183
49 108 206
49 109 67
49 110 182
49 111 240
49 112 29
49 113 126
49 114 224
49 115 299
49 116 55
49 117 98
49 118 286
49 119 47
49 120 177
50 51 294
50 52 245
50 53 245
50 54 148
50 55 16
50 56 203
50 57 275
50 58 55
50 59 39
50 60 142
50 61 47
50 62 164
50 63 214
50 64 227
50 65 149
50 66 62
50 67 265
50 68 105
50 69 178
50 70 151
50 71 120
50 72 220
50 73 86
50 74 115
50 75 52
50 76 119
50 77 25
50 78 98
50 79 117
50 80 97
50 81 106
50 82 70
50 83 263
50 84 261
50 85 113
50 86 113
50 87 18
50 88 236
50 89 91
50 90 208
50 91 101
50 92 135
50 93 162
50 94 188
50 95 207
50 96 10
50 97 25
50 98 98
50 99 41
50 100 210
50 101 179
50 102 146
50 103 171
50 104 215
50 105 187
50 106 93
50 107 79
50 108 232
50 109 56
50 110 132
50 111 167
50 112 169
50 113 279
50 114 80
50 115 216
50 116 277
50 117 131
50 118 204
50 119 67
50 120 143
51 52 254
51 53 280
51 54 167
51 55 255
51 56 138
51 57 88
51 58 173
51 59 257
51 60 294
51 61 188
51 62 108
51 63 163
51 64 72
51 65 191
51 66 103
51 67 192
51 68 24
51 69 181
51 70 105
51 71 199
51 72 262
51 73 27
51 74 161
51 75 248
51 76 185
51 77 31
51 78 240
51 79 174
51 80 131
51 81 75
51 82 221
51 83 157
51 84 121
51 85 296
51 86 135
51 87 284
51 88 157
51 89 219
51 90 89
51 91 139
51 92 69
51 93 151
51 94 25
51 95 22
51 96 188
51 97 230
51 98 244
51 99 134
51 100 298
51 101 113
51 102 269
51 103 259
51 104 158
51 105 58
51 106 210
51 107 82
51 108 254
51 109 52
51 110 200
51 111 248
51 112 30
51 113 211
51 114 158
51 115 178
51 116 260
51 117 83
51 118 168
51 119 165
51 120 92
52 53 99
52 54 136
52 55 292
52 56 213
52 57 34
52 58 219
52 59 239
52 60 83
52 61 217
52 62 154
52 63 96
52 64 222
52 65 116
52 66 82
52 67 220
52 68 247
52 69 209
52 70 248
52 71 94
52 72 80
52 73 41
52 74 258
52 75 36
52 76 75
52 77 294
52 78 237
52 79 114
52 80 186
52 81 285
52 82 201
52 83 174
52 84 289
52 85 96
52 86 258
52 87 95
52 88 206
52 89 91
52 90 289
52 91 190
52 92 56
52 93 196
52 94 289
52 95 200
52 96 151
52 97 252
52 98 57
52 99 208
52 100 147
52 101 181
52 102 243
52 103 17
52 104 62
52 105 42
52 106 286
52 107 94
52 108 34
52 109 156
52 110 213
52 111 40
52 112 12
52 113 191
52 114 298
52 115 273
52 116 206
52 117 187
52 118 149
52 119 194
52 120 110
53 54 228
53 55 205
53 56 136
53 57 184
53 58 240
53 59 97
53 60 49
53 61 157
53 62 263
53 63 139
53 64 58
53 65 134
53 66 235
53 67 31
53 68 49
53 69 247
53 70 178
53 71 182
53 72 14
53 73 282
53 74 158
53 75 127
53 76 265
53 77 26
53 78 245
53 79 253
53 80 229
53 81 146
53 82 281
53 83 102
53 84 117
53 85 273
53 86 75
53 87 275
53 88 266
53 89 46
53 90 161
53 91 218
53 92 173
53 93 13
53 94 90
53 95 171
53 96 256
53 97 254
53 98 178
53 99 132
53 100 112
53 101 119
53 102 297
53 103 136
53 104 271
53 105 169
53 106 213
53 107 119
53 108 199
53 109 28
53 110 281
53 111 200
53 112 75
53 113 138
53 114 183
53 115 242
53 116 115
53 117 235
53 118 141
53 119 187
53 120 193
54 55 182
54 56 172
54 57 281
54 58 244
54 59 133
54 60 54
54 61 58
54 62 270
54 63 76
54 64 57
54 65 207
54 66 172
54 67 260
54 68 75
54 69 59
54 70 37
54 71 37
54 72 188
54 73 129
54 74 83
54 75 154
54 76 85
54 77 60
54 78 116
54 79 187
54 80 279
54 81 67
54 82 87
54 83 215
54 84 224
54 85 235
54 86 238
54 87 125
54 88 215
54 89 10
54 90 221
54 91 171
54 92 113
54 93 160
54 94 10
54 95 117
54 96 42
54 97 26
54 98 241
54 99 295
54 100 188
54 101 10
54 102 16
54 103 24
54 104 293
54 105 272
54 106 137
54 107 81
54 108 213
54 109 167
54 110 135
54 111 269
54 112 228
54 113 154
54 114 51
54 115 85
54 116 32
54 117 152
54 118 182
54 119 16
54 120 74
55 56 171
55 57 101
55 58 275
55 59 94
55 60 283
55 61 254
55 62 53
55 63 155
55 64 38
55 65 36
55 66 142
55 67 264
55 68 200
55 69 268
55 70 17
55 71 275
55 72 46
55 73 210
55 74 81
55 75 59
55 76 230
55 77 272
55 78 133
55 79 64
55 80 21
55 81 18
55 82 74
55 83 39
55 84 194
55 85 258
55 86 161
55 87 100
55 88 293
55 89 246
55 90 154
55 91 147
55 92 125
55 93 109
55 94 268
55 95 208
55 96 183
55 97 100
55 98 216
55 99 138
55 100 180
55 101 13
55 102 221
55 103 87
55 104 259
55 105 202
55 106 23
55 107 159
55 108 112
55 109 228
55 110 99
55 111 192
55 112 260
55 113 37
55 114 221
55 115 174
55 116 181
55 117 167
55 118 146
55 119 221
55 120 90
56 57 287
56 58 268
56 59 78
56 60 19
56 61 122
56 62 254
56 63 110
56 64 222
56 65 136
56 66 161
56 67 215
56 68 259
56 69 112
56 70 112
56 71 29
56 72 216
56 73 191
56 74 245
56 75 182
56 76 53
56 77 171
56 78 41
56 79 46
56 80 290
56 81 73
56 82 135
56 83 286
56 84 54
56 85 91
56 86 55
56 87 35
56 88 12
56 89 24
56 90 184
56 91 127
56 92 29
56 93 76
56 94 156
56 95 209
56 96 288
56 97 253
56 98 194
56 99 179
56 100 43
56 101 20
56 102 81
56 103 253
56 104 108
56 105 179
56 106 33
56 107 81
56 108 223
56 109 144
56 110 165
56 111 104
56 112 28
56 113 63
56 114 163
56 115 230
56 116 254
56 117 62
56 118 247
56 119 110
56 120 163
57 58 221
57 59 251
57 60 258
57 61 249
57 62 76
57 63 60
57 64 68
57 65 128
57 66 202
57 67 22
57 68 160
57 69 14
57 70 284
57 71 194
57 72 160
57 73 253
57 74 277
57 75 36
57 76 229
57 77 293
57 78 176
57 79 172
57 80 46
57 81 69
57 82 52
57 83 15
57 84 209
57 85 13
57 86 90
57 87 198
57 88 56
57 89 74
57 90 59
57 91 76
57 92 92
57 93 117
57 94 97
57 95 221
57 96 156
57 97 128
57 98 247
57 99 229
57 100 141
57 101 95
57 102 48
57 103 161
57 104 124
57 105 155
57 106 297
57 107 269
57 108 141
57 109 117
57 110 286
57 111 54
57 112 52
57 113 220
57 114 208
57 115 264
57 116 286
57 117 78
57 118 207
57 119 278
57 120 212
58 59 197
58 60 226
58 61 270
58 62 241
58 63 158
58 64 261
58 65 83
58 66 31
58 67 57
58 68 157
58 69 67
58 70 72
58 71 178
58 72 160
58 73 91
58 74 236
58 75 103
58 76 171
58 77 164
58 78 72
58 79 251
58 80 227
58 81 124
58 82 126
58 83 98
58 84 247
58 85 275
58 86 134
58 87 98
58 88 53
58 89 145
58 90 32
58 91 167
58 92 152
58 93 122
58 94 180
58 95 140
58 96 43
58 97 154
58 98 42
58 99 175
58 100 275
58 101 144
58 102 189
58 103 111
58 104 109
58 105 255
58 106 249
58 107 132
58 108 207
58 109 220
58 110 127
58 111 84
58 112 95
58 113 88
58 114 106
58 115 136
58 116 240
58 117 106
58 118 220
58 119 124
58 120 42
59 60 129
59 61 140
59 62 145
59 63 118
59 64 29
59 65 241
59 66 268
59 67 41
59 68 80
59 69 124
59 70 166
59 71 36
59 72 225
59 73 199
59 74 255
59 75 120
59 76 182
59 77 272
59 78 172
59 79 274
59 80 15
59 81 25
59 82 18
59 83 286
59 84 109
59 85 246
59 86 15
59 87 204
59 88 129
59 89 184
59 90 222
59 91 37
59 92 59
59 93 297
59 94 12
59 95 131
59 96 96
59 97 224
59 98 145
59 99 17
59 100 23
59 101 35
59 102 36
59 103 143
59 104 153
59 105 275
59 106 17
59 107 264
59 108 269
59 109 202
59 110 299
59 111 228
59 112 164
59 113 234
59 114 12
59 115 238
59 116 103
59 117 125
59 118 247
59 119 285
59 120 154
60 61 178
60 62 217
60 63 299
60 64 106
60 65 46
60 66 121
60 67 99
60 68 114
60 69 57
60 70 181
60 71 51
60 72 114
60 73 38
60 74 92
60 75 94
60 76 89
60 77 236
60 78 75
60 79 20
60 80 22
60 81 126
60 82 295
60 83 235
60 84 206
60 85 62
60 86 146
60 87 131
60 88 75
60 89 121
60 90 15
60 91 294
60 92 64
60 93 52
60 94 94
60 95 21
60 96 98
60 97 88
60 98 87
60 99 221
60 100 65
60 101 218
60 102 120
60 103 227
60 104 137
60 105 260
60 106 190
60 107 82
60 108 57
60 109 143
60 110 208
60 111 191
60 112 232
60 113 65
60 114 59
60 115 79
60 116 101
60 117 215
60 118 215
60 119 282
60 120 260
61 62 16
61 63 281
61 64 197
61 65 28
61 66 78
61 67 68
61 68 104
61 69 237
61 70 153
61 71 119
61 72 132
61 73 221
61 74 108
61 75 250
61 76 203
61 77 299
61 78 120
61 79 219
61 80 108
61 81 126
61 82 196
61 83 155
61 84 28
61 85 228
61 86 119
61 87 61
61 88 20
61 89 73
61 90 57
61 91 276
61 92 192
61 93 242
61 94 222
61 95 241
61 96 225
61 97 179
61 98 238
61 99 93
61 100 47
61 101 251
61 102 54
61 103 228
61 104 101
61 105 36
61 106 251
61 107 87
61 108 143
61 109 211
61 110 251
61 111 282
61 112 115
61 113 68
61 114 127
61 115 239
61 116 243
61 117 162
61 118 20
61 119 36
61 120 167
62 63 68
62 64 75
62 65 175
62 66 50
62 67 240
62 68 254
62 69 206
62 70 143
62 71 136
62 72 145
62 73 33
62 74 22
62 75 131
62 76 206
62 77 213
62 78 239
62 79 210
62 80 13
62 81 96
62 82 206
62 83 156
62 84 17
62 85 13
62 86 203
62 87 55
62 88 227
62 89 182
62 90 23
62 91 103
62 92 87
62 93 255
62 94 27
62 95 294
62 96 72
62 97 55
62 98 30
62 99 85
62 100 233
62 101 66
62 102 253
62 103 201
62 104 23
62 105 276
62 106 161
62 107 185
62 108 64
62 109 230
62 110 227
62 111 219
62 112 140
62 113 269
62 114 107
62 115 211
62 116 257
62 117 225
62 118 25
62 119 99
62 120 19
63 64 245
63 65 97
63 66 60
63 67 138
63 68 25
63 69 163
63 70 197
63 71 33
63 72 69
63 73 149
63 74 97
63 75 76
63 76 266
63 77 13
63 78 112
63 79 270
63 80 163
63 81 82
63 82 95
63 83 67
63 84 59
63 85 209
63 86 287
63 87 102
63 88 268
63 89 232
63 90 171
63 91 123
63 92 144
63 93 35
63 94 22
63 95 239
63 96 12
63 97 183
63 98 61
63 99 255
63 100 260
63 101 53
63 102 245
63 103 134
63 104 157
63 105 232
63 106 174
63 107 19
63 108 64
63 109 195
63 110 215
63 111 163
63 112 82
63 113 105
63 114 39
63 115 145
63 116 26
63 117 22
63 118 10
63 119 162
63 120 281
64 65 28
64 66 260
64 67 16
64 68 36
64 69 79
64 70 143
64 71 32
64 72 182
64 73 110
64 74 242
64 75 48
64 76 78
64 77 97
64 78 170
64 79 84
64 80 158
64 81 242
64 82 244
64 83 77
64 84 292
64 85 19
64 86 35
64 87 168
64 88 240
64 89 175
64 90 173
64 91 71
64 92 177
64 93 171
64 94 133
64 95 38
64 96 200
64 97 38
64 98 130
64 99 180
64 100 22
64 101 220
64 102 232
64 103 234
64 104 205
64 105 254
64 106 163
64 107 34
64 108 232
64 109 67
64 110 290
64 111 201
64 112 103
64 113 84
64 114 74
64 115 34
64 116 13
64 117 259
64 118 257
64 119 185
64 120 168
65 66 187
65 67 206
65 68 150
65 69 24
65 70 140
65 71 56
65 72 197
65 73 217
65 74 287
65 75 259
65 76 294
65 77 245
65 78 240
65 79 212
65 80 207
65 81 294
65 82 45
65 83 84
65 84 35
65 85 167
65 86 179
65 87 54
65 88 154
65 89 255
65 90 123
65 91 213
65 92 286
65 93 124
65 94 130
65 95 182
65 96 209
65 97 240
65 98 39
65 99 36
65 100 265
65 101 226
65 102 148
65 103 61
65 104 15
65 105 199
65 106 114
65 107 42
65 108 136
65 109 147
65 110 282
65 111 284
65 112 263
65 113 32
65 114 258
65 115 125
65 116 183
65 117 17
65 118 106
65 119 122
65 120 199
66 67 134
66 68 70
66 69 74
66 70 80
66 71 61
66 72 177
66 73 140
66 74 42
66 75 202
66 76 124
66 77 206
66 78 254
66 79 186
66 80 288
66 81 245
66 82 243
66 83 246
66 84 117
66 85 293
66 86 59
66 87 271
66 88 18
66 89 265
66 90 268
66 91 37
66 92 291
66 93 42
66 94 229
66 95 107
66 96 254
66 97 204
66 98 251
66 99 140
66 100 153
66 101 253
66 102 81
66 103 200
66 104 253
66 105 77
66 106 194
66 107 96
66 108 39
66 109 297
66 110 225
66 111 295
66 112 93
66 113 126
66 114 121
66 115 118
66 116 16
66 117 56
66 118 235
66 119 146
66 120 145
67 68 251
67 69 280
67 70 278
67 71 228
67 72 141
67 73 199
67 74 155
67 75 281
67 76 253
67 77 286
67 78 277
67 79 37
67 80 84
67 81 97
67 82 193
67 83 236
67 84 201
67 85 240
67 86 246
67 87 245
67 88 105
67 89 13
67 90 286
67 91 142
67 92 75
67 93 104
67 94 121
67 95 27
67 96 42
67 97 282
67 98 87
67 99 75
67 100 255
67 101 105
67 102 117
67 103 99
67 104 184
67 105 21
67 106 263
67 107 28
67 108 39
67 109 45
67 110 159
67 111 254
67 112 198
67 113 219
67 114 48
67 115 105
67 116 297
67 117 134
67 118 63
67 119 289
67 120 149
68 69 255
68 70 194
68 71 269
68 72 36
68 73 183
68 74 225
68 75 147
68 76 276
68 77 134
68 78 39
68 79 284
68 80 194
68 81 262
68 82 188
68 83 23
68 84 226
68 85 259
68 86 261
68 87 162
68 88 227
68 89 182
68 90 183
68 91 211
68 92 219
68 93 153
68 94 18
68 95 130
68 96 195
68 97 123
68 98 151
68 99 160
68 100 221
68 101 176
68 102 17
68 103 119
68 104 297
68 105 169
68 106 290
68 107 128
68 108 231
68 109 147
68 110 229
68 111 170
68 112 31
68 113 19
68 114 46
68 115 222
68 116 42
68 117 162
68 118 299
68 119 275
68 120 273
69 70 81
69 71 24
69 72 57
69 73 234
69 74 102
69 75 190
69 76 65
69 77 114
69 78 244
69 79 18
69 80 141
69 81 268
69 82 106
69 83 25
69 84 112
69 85 287
69 86 168
69 87 65
69 88 103
69 89 113
69 90 285
69 91 117
69 92 94
69 93 62
69 94 75
69 95 147
69 96 159
69 97 188
69 98 214
69 99 82
69 100 162
69 101 222
69 102 274
69 103 84
69 104 245
69 105 67
69 106 61
69 107 158
69 108 268
69 109 157
69 110 214
69 111 38
69 112 290
69 113 133
69 114 61
69 115 107
69 116 141
69 117 180
69 118 208
69 119 160
69 120 194
70 71 43
70 72 87
70 73 204
70 74 99
70 75 256
70 76 19
70 77 127
70 78 79
70 79 258
70 80 48
70 81 167
70 82 113
70 83 297
70 84 28
70 85 63
70 86 80
70 87 198
70 88 89
70 89 271
70 90 167
70 91 47
70 92 63
70 93 292
70 94 23
70 95 92
70 96 54
70 97 58
70 98 243
70 99 49
70 100 41
70 101 39
70 102 67
70 103 241
70 104 189
70 105 91
70 106 102
70 107 98
70 108 72
70 109 211
70 110 222
70 111 191
70 112 156
70 113 222
70 114 133
70 115 218
70 116 46
70 117 294
70 118 228
70 119 193
70 120 61
71 72 186
71 73 108
71 74 170
71 75 297
71 76 101
71 77 295
71 78 299
71 79 238
71 80 283
71 81 283
71 82 145
71 83 135
71 84 198
71 85 215
71 86 248
71 87 149
71 88 98
71 89 116
71 90 116
71 91 134
71 92 198
71 93 283
71 94 282
71 95 202
71 96 202
71 97 101
71 98 263
71 99 284
71 100 14
71 101 209
71 102 79
71 103 83
71 104 24
71 105 71
71 106 213
71 107 107
71 108 23
71 109 96
71 110 117
71 111 114
71 112 89
71 113 266
71 114 124
71 115 83
71 116 70
71 117 47
71 118 108
71 119 155
71 120 159
72 73 298
72 74 76
72 75 90
72 76 157
72 77 185
72 78 101
72 79 248
72 80 257
72 81 18
72 82 56
72 83 34
72 84 76
72 85 159
72 86 285
72 87 158
72 88 298
72 89 107
72 90 40
72 91 121
72 92 296
72 93 28
72 94 182
72 95 168
72 96 77
72 97 194
72 98 267
72 99 31
72 100 176
72 101 76
72 102 150
72 103 95
72 104 94
72 105 213
72 106 165
72 107 17
72 108 263
72 109 286
72 110 131
72 111 160
72 112 230
72 113 56
72 114 24
72 115 182
72 116 175
72 117 187
72 118 18
72 119 112
72 120 172
73 74 298
73 75 10
73 76 269
73 77 31
73 78 167
73 79 19
73 80 197
73 81 289
73 82 258
73 83 196
73 84 287
73 85 162
73 86 105
73 87 160
73 88 201
73 89 169
73 90 231
73 91 246
73 92 148
73 93 70
73 94 275
73 95 272
73 96 190
73 97 276
73 98 216
73 99 19
73 100 243
73 101 219
73 102 249
73 103 233
73 104 87
73 105 159
73 106 156
73 107 34
73 108 102
73 109 57
73 110 272
73 111 225
73 112 91
73 113 245
73 114 294
73 115 23
73 116 101
73 117 124
73 118 81
73 119 169
73 120 232
74 75 189
74 76 199
74 77 38
74 78 209
74 79 288
74 80 51
74 81 177
74 82 142
74 83 220
74 84 124
74 85 113
74 86 274
74 87 255
74 88 77
74 89 137
74 90 38
74 91 175
74 92 272
74 93 197
74 94 61
74 95 297
74 96 103
74 97 145
74 98 181
74 99 138
74 100 133
74 101 193
74 102 67
74 103 56
74 104 36
74 105 280
74 106 170
74 107 56
74 108 231
74 109 285
74 110 190
74 111 273
74 112 87
74 113 93
74 114 266
74 115 115
74 116 35
74 117 160
74 118 125
74 119 180
74 120 50
75 76 180
75 77 267
75 78 279
75 79 75
75 80 286
75 81 100
75 82 101
75 83 119
75 84 166
75 85 182
75 86 168
75 87 113
75 88 67
75 89 231
75 90 277
75 91 23
75 92 140
75 93 159
75 94 58
75 95 92
75 96 251
75 97 171
75 98 135
75 99 285
75 100 266
75 101 286
75 102 213
75 103 68
75 104 73
75 105 120
75 106 254
75 107 177
75 108 108
75 109 218
75 110 23
75 111 75
75 112 238
75 113 138
75 114 233
75 115 137
75 116 188
75 117 116
75 118 34
75 119 293
75 120 37
76 77 10
76 78 40
76 79 120
76 80 218
76 81 99
76 82 290
76 83 193
76 84 274
76 85 14
76 86 152
76 87 157
76 88 123
76 89 151
76 90 14
76 91 59
76 92 187
76 93 58
76 94 221
76 95 152
76 96 73
76 97 107
76 98 244
76 99 93
76 100 193
76 101 110
76 102 77
76 103 246
76 104 202
76 105 242
76 106 19
76 107 63
76 108 99
76 109 95
76 110 49
76 111 217
76 112 118
76 113 264
76 114 177
76 115 22
76 116 65
76 117 111
76 118 59
76 119 209
76 120 292
77 78 53
77 79 105
77 80 120
77 81 216
77 82 28
77 83 68
77 84 121
77 85 239
77 86 198
77 87 184
77 88 285
77 89 111
77 90 86
77 91 71
77 92 270
77 93 261
77 94 177
77 95 137
77 96 63
77 97 169
77 98 159
77 99 98
77 100 70
77 101 278
77 102 95
77 103 279
77 104 115
77 105 136
77 106 207
77 107 44
77 108 40
77 109 298
77 110 143
77 111 108
77 112 54
77 113 76
77 114 86
77 115 230
77 116 74
77 117 227
77 118 38
77 119 200
77 120 230
78 79 60
78 80 159
78 81 220
78 82 121
78 83 71
78 84 117
78 85 248
78 86 191
78 87 273
78 88 85
78 89 277
78 90 282
78 91 127
78 92 145
78 93 23
78 94 48
78 95 273
78 96 43
78 97 253
78 98 203
78 99 171
78 100 15
78 101 42
78 102 253
78 103 244
78 104 58
78 105 251
78 106 293
78 107 49
78 108 273
78 109 98
78 110 199
78 111 50
78 112 192
78 113 41
78 114 60
78 115 41
78 116 221
78 117 251
78 118 105
78 119 74
78 120 172
79 80 281
79 81 61
79 82 255
79 83 227
79 84 91
79 85 279
79 86 31
79 87 258
79 88 129
79 89 28
79 90 195
79 91 38
79 92 236
79 93 115
79 94 230
79 95 108
79 96 133
79 97 96
79 98 90
79 99 258
79 100 296
79 101 170
79 102 65
79 103 239
79 104 26
79 105 78
79 106 222
79 107 132
79 108 226
79 109 24
79 110 20
79 111 48
79 112 272
79 113 213
79 114 50
79 115 72
79 116 114
79 117 233
79 118 295
79 119 69
79 120 64
80 81 130
80 82 47
80 83 206
80 84 77
80 85 289
80 86 289
80 87 118
80 88 149
80 89 280
80 90 293
80 91 172
80 92 59
80 93 179
80 94 234
80 95 151
80 96 261
80 97 26
80 98 176
80 99 206
80 100 57
80 101 280
80 102 267
80 103 54
80 104 224
80 105 80
80 106 281
80 107 98
80 108 41
80 109 119
80 110 19
80 111 287
80 112 93
80 113 53
80 114 77
80 115 96
80 116 118
80 117 163
80 118 162
80 119 110
80 120 221
81 82 46
81 83 222
81 84 110
81 85 64
81 86 218
81 87 236
81 88 116
81 89 97
81 90 133
81 91 68
81 92 26
81 93 145
81 94 15
81 95 108
81 96 77
81 97 40
81 98 137
81 99 23
81 100 17
81 101 209
81 102 69
81 103 227
81 104 68
81 105 170
81 106 110
81 107 94
81 108 11
81 109 205
81 110 214
81 111 58
81 112 240
81 113 235
81 114 24
81 115 12
81 116 154
81 117 170
81 118 125
81 119 295
81 120 231
82 83 34
82 84 71
82 85 45
82 86 194
82 87 110
82 88 175
82 89 121
82 90 214
82 91 293
82 92 194
82 93 106
82 94 287
82 95 24
82 96 162
82 97 212
82 98 26
82 99 157
82 100 229
82 101 49
82 102 245
82 103 114
82 104 295
82 105 88
82 106 270
82 107 266
82 108 197
82 109 31
82 110 50
82 111 104
82 112 69
82 113 15
82 114 182
82 115 108
82 116 187
82 117 247
82 118 165
82 119 100
82 120 231
83 84 180
83 85 150
83 86 289
83 87 257
83 88 261
83 89 88
83 90 209
83 91 26
83 92 167
83 93 125
83 94 104
83 95 106
83 96 240
83 97 81
83 98 278
83 99 60
83 100 49
83 101 33
83 102 226
83 103 208
83 104 43
83 105 76
83 106 12
83 107 295
83 108 278
83 109 127
83 110 95
83 111 126
83 112 125
83 113 246
83 114 98
83 115 284
83 116 175
83 117 152
83 118 259
83 119 275
83 120 287
84 85 27
84 86 222
84 87 51
84 88 150
84 89 49
84 90 41
84 91 190
84 92 52
84 93 276
84 94 272
84 95 109
84 96 40
84 97 89
84 98 37
84 99 218
84 100 270
84 101 224
84 102 198
84 103 167
84 104 91
84 105 90
84 106 99
84 107 210
84 108 80
84 109 217
84 110 275
84 111 170
84 112 221
84 113 191
84 114 158
84 115 195
84 116 198
84 117 155
84 118 67
84 119 37
84 120 229
85 86 140
85 87 149
85 88 100
85 89 86
85 90 30
85 91 136
85 92 104
85 93 138
85 94 106
85 95 226
85 96 34
85 97 220
85 98 60
85 99 149
85 100 97
85 101 238
85 102 267
85 103 31
85 104 118
85 105 278
85 106 170
85 107 252
85 108 283
85 109 270
85 110 264
85 111 126
85 112 12
85 113 71
85 114 185
85 115 108
85 116 216
85 117 276
85 118 191
85 119 254
85 120 218
86 87 227
86 88 107
86 89 223
86 90 97
86 91 177
86 92 246
86 93 98
86 94 188
86 95 118
86 96 197
86 97 119
86 98 288
86 99 221
86 100 34
86 101 128
86 102 28
86 103 46
86 104 225
86 105 297
86 106 249
86 107 91
86 108 264
86 109 233
86 110 213
86 111 157
86 112 56
86 113 130
86 114 33
86 115 121
86 116 299
86 117 143
86 118 299
86 119 106
86 120 147
87 88 159
87 89 40
87 90 165
87 91 81
87 92 292
87 93 186
87 94 158
87 95 288
87 96 142
87 97 83
87 98 237
87 99 278
87 100 91
87 101 269
87 102 188
87 103 286
87 104 120
87 105 178
87 106 53
87 107 165
87 108 75
87 109 69
87 110 259
87 111 258
87 112 171
87 113 89
87 114 71
87 115 75
87 116 258
87 117 226
87 118 260
87 119 144
87 120 17
88 89 231
88 90 127
88 91 25
88 92 61
88 93 126
88 94 218
88 95 137
88 96 217
88 97 209
88 98 85
88 99 178
88 100 91
88 101 64
88 102 112
88 103 34
88 104 116
88 105 41
88 106 130
88 107 12
88 108 95
88 109 81
88 110 221
88 111 85
88 112 76
88 113 218
88 114 81
88 115 187
88 116 259
88 117 182
88 118 268
88 119 163
88 120 22
89 90 77
89 91 251
89 92 182
89 93 117
89 94 250
89 95 255
89 96 243
89 97 212
89 98 23
89 99 260
89 100 294
89 101 135
89 102 280
89 103 228
89 104 120
89 105 31
89 106 117
89 107 219
89 108 159
89 109 123
89 110 248
89 111 43
89 112 277
89 113 66
89 114 156
89 115 172
89 116 286
89 117 34
89 118 147
89 119 254
89 120 253
90 91 187
90 92 263
90 93 76
90 94 69
90 95 151
90 96 205
90 97 118
90 98 175
90 99 298
90 100 248
90 101 14
90 102 166
90 103 232
90 104 22
90 105 101
90 106 299
90 107 22
90 108 108
90 109 217
90 110 174
90 111 66
90 112 299
90 113 35
90 114 163
90 115 228
90 116 124
90 117 74
90 118 253
90 119 76
90 120 64
91 92 41
91 93 17
91 94 153
91 95 176
91 96 68
91 97 152
91 98 39
91 99 244
91 100 249
91 101 264
91 102 76
91 103 74
91 104 170
91 105 255
91 106 100
91 107 205
91 108 261
91 109 166
91 110 27
91 111 13
91 112 280
91 113 134
91 114 188
91 115 127
91 116 126
91 117 58
91 118 37
91 119 101
91 120 190
92 93 251
92 94 249
92 95 165
92 96 25
92 97 21
92 98 141
92 99 86
92 100 62
92 101 138
92 102 193
92 103 27
92 104 139
92 105 16
92 106 245
92 107 147
92 108 123
92 109 232
92 110 121
92 111 30
92 112 276
92 113 49
92 114 112
92 115 41
92 116 165
92 117 227
92 118 86
92 119 197
92 120 93
93 94 152
93 95 243
93 96 121
93 97 287
93 98 219
93 99 236
93 100 182
93 101 273
93 102 193
93 103 138
93 104 140
93 105 219
93 106 141
93 107 211
93 108 247
93 109 174
93 110 79
93 111 110
93 112 93
93 113 72
93 114 174
93 115 264
93 116 283
93 117 34
93 118 76
93 119 225
93 120 183
94 95 44
94 96 80
94 97 112
94 98 55
94 99 75
94 100 227
94 101 35
94 102 260
94 103 12
94 104 185
94 105 219
94 106 146
94 107 215
94 108 24
94 109 280
94 110 83
94 111 47
94 112 89
94 113 113
94 114 297
94 115 128
94 116 265
94 117 38
94 118 204
94 119 62
94 120 289
95 96 144
95 97 289
95 98 79
95 99 273
95 100 272
95 101 129
95 102 110
95 103 231
95 104 14
95 105 78
95 106 12
95 107 216
95 108 119
95 109 176
95 110 299
95 111 97
95 112 271
95 113 108
95 114 16
95 115 206
95 116 83
95 117 116
95 118 220
95 119 144
95 120 52
96 97 100
96 98 83
96 99 229
96 100 266
96 101 133
96 102 241
96 103 224
96 104 145
96 105 198
96 106 231
96 107 38
96 108 268
96 109 264
96 110 238
96 111 33
96 112 132
96 113 298
96 114 114
96 115 218
96 116 262
96 117 127
96 118 276
96 119 192
96 120 119
97 98 217
97 99 57
97 100 145
97 101 225
97 102 115
97 103 240
97 104 118
97 105 196
97 106 258
97 107 280
97 108 287
97 109 273
97 110 81
97 111 192
97 112 268
97 113 266
97 114 201
97 115 34
97 116 104
97 117 148
97 118 45
97 119 173
97 120 292
98 99 233
98 100 260
98 101 261
98 102 16
98 103 263
98 104 20
98 105 234
98 106 160
98 107 24
98 108 134
98 109 76
98 110 200
98 111 211
98 112 23
98 113 185
98 114 232
98 115 113
98 116 241
98 117 146
98 118 196
98 119 246
98 120 278
99 100 212
99 101 179
99 102 229
99 103 69
99 104 21
99 105 157
99 106 135
99 107 64
99 108 259
99 109 283
99 110 37
99 111 75
99 112 256
99 113 178
99 114 192
99 115 132
99 116 122
99 117 130
99 118 221
99 119 150
99 120 106
100 101 41
100 102 191
100 103 257
100 104 138
100 105 169
100 106 97
100 107 125
100 108 296
100 109 20
100 110 293
100 111 141
100 112 296
100 113 47
100 114 76
100 115 69
100 116 77
100 117 245
100 118 96
100 119 34
100 120 98
101 102 224
101 103 241
101 104 29
101 105 230
101 106 103
101 107 290
101 108 270
101 109 249
101 110 41
101 111 30
101 112 134
101 113 154
101 114 37
101 115 33
101 116 150
101 117 54
101 118 290
101 119 218
101 120 236
102 103 155
102 104 228
102 105 23
102 106 204
102 107 75
102 108 253
102 109 225
102 110 158
102 111 154
102 112 159
102 113 223
102 114 228
102 115 199
102 116 178
102 117 195
102 118 102
102 119 193
102 120 201
103 104 204
103 105 224
103 106 68
103 107 81
103 108 46
103 109 60
103 110 198
103 111 70
103 112 27
103 113 189
103 114 53
103 115 99
103 116 147
103 117 165
103 118 291
103 119 90
103 120 244
104 105 66
104 106 212
104 107 32
104 108 97
104 109 257
104 110 154
104 111 192
104 112 105
104 113 37
104 114 146
104 115 158
104 116 160
104 117 34
104 118 107
104 119 181
104 120 277
105 106 49
105 107 274
105 108 55
105 109 54
105 110 255
105 111 38
105 112 256
105 113 198
105 114 93
105 115 182
105 116 28
105 117 82
105 118 208
105 119 164
105 120 12
106 107 187
106 108 99
106 109 278
106 110 162
106 111 206
106 112 226
106 113 78
106 114 102
106 115 17
106 116 263
106 117 273
106 118 133
106 119 262
106 120 192
107 108 232
107 109 269
107 110 252
107 111 234
107 112 225
107 113 28
107 114 265
107 115 183
107 116 163
107 117 59
107 118 135
107 119 125
107 120 123
108 109 48
108 110 157
108 111 291
108 112 17
108 113 91
108 114 50
108 115 73
108 116 138
108 117 131
108 118 29
108 119 24
108 120 107
109 110 265
109 111 142
109 112 222
109 113 274
109 114 240
109 115 166
109 116 138
109 117 287
109 118 133
109 119 153
109 120 247
110 111 244
110 112 85
110 113 181
110 114 270
110 115 289
110 116 239
110 117 159
110 118 125
110 119 210
110 120 20
111 112 15
111 113 214
111 114 21
111 115 142
111 116 134
111 117 12
111 118 96
111 119 34
111 120 25
112 113 70
112 114 159
112 115 53
112 116 136
112 117 44
112 118 141
112 119 285
112 120 101
113 114 137
113 115 143
113 116 128
113 117 187
113 118 190
113 119 291
113 120 282
114 115 190
114 116 143
114 117 257
114 118 71
114 119 152
114 120 269
115 116 14
115 117 236
115 118 74
115 119 253
115 120 20
116 117 266
116 118 243
116 119 158
116 120 211
117 118 272
117 119 283
117 120 134
118 119 90
118 120 142
119 120 52
